7 21 60 32 11
7 22 60 32 11
7 23 60 32 11
7 24 60 32 11
7 25 83 44 15
7 26 124 70 31
7 27 83 44 15
8 15 60 32 11
8 16 124 70 31
8 17 124 70 31
8 18 124 70 31
8 19 124 70 31
8 21 83 44 15
8 22 83 44 15
8 23 60 32 11
8 24 83 44 15
8 25 83 44 15
8 26 83 44 15
8 27 60 32 11
9 15 60 32 11
9 16 124 70 31
9 17 255 183 19
9 18 254 229 73
9 19 255 183 19
9 20 124 70 31
9 21 83 44 15
9 22 83 44 15
9 23 60 32 11
9 24 83 44 15
9 25 83 44 15
9 26 60 32 11
10 14 83 44 15
10 15 124 70 31
10 16 255 183 19
10 17 124 70 31
10 18 254 229 73
10 19 254 229 73
10 20 254 229 73
10 21 124 70 31
10 22 124 70 31
10 23 124 70 31
10 24 83 44 15
10 25 60 32 11
10 26 60 32 11
11 12 83 44 15
11 13 124 70 31
11 14 255 183 19
11 15 255 183 19
11 16 254 229 73
11 17 254 229 73
11 18 254 229 73
11 19 254 229 73
11 20 254 229 73
11 21 254 229 73
11 22 254 229 73
11 23 255 183 19
11 24 124 70 31
11 25 60 32 11
12 12 83 44 15
12 13 255 183 19
12 14 255 183 19
12 15 254 229 73
12 16 254 229 73
12 17 254 229 73
12 18 254 229 73
12 19 254 229 73
12 20 254 229 73
12 21 254 229 73
12 22 254 229 73
12 23 254 229 73
12 24 124 70 31
12 25 83 44 15
12 26 83 44 15
12 27 60 32 11
13 6 60 32 11
13 7 83 44 15
13 8 255 183 19
13 9 255 183 19
13 10 124 70 31
13 11 255 183 19
13 12 255 183 19
13 13 255 183 19
13 14 254 229 73
13 15 254 229 73
13 16 254 229 73
13 17 255 249 163
13 18 255 249 163
13 19 255 249 163
13 20 255 249 163
13 21 255 249 163
13 22 254 229 73
13 23 254 229 73
13 24 124 70 31
13 25 83 44 15
13 26 124 70 31
13 27 83 44 15
14 6 124 70 31
14 7 255 183 19
14 8 255 183 19
14 10 124 70 31
14 11 255 183 19
14 12 255 183 19
14 13 255 183 19
14 14 254 229 73
14 15 254 229 73
14 16 254 229 73
14 17 255 249 163
14 18 255 249 163
14 19 255 249 163
14 20 255 249 163
14 21 255 249 163
14 22 255 249 163
14 23 255 249 163
14 24 124 70 31
14 25 83 44 15
14 26 124 70 31
14 27 60 32 11
15 6 124 70 31
15 7 124 70 31
15 8 83 44 15
15 9 83 44 15
15 10 255 183 19
15 11 255 183 19
15 12 255 183 19
15 13 254 229 73
15 14 254 229 73
15 15 254 229 73
15 16 254 229 73
15 17 255 249 163
15 18 255 249 163
15 19 255 249 163
15 20 255 249 163
15 21 255 249 163
15 22 255 249 163
15 23 255 249 163
15 24 124 70 31
15 25 60 32 11
15 26 60 32 11
16 9 255 183 19
16 10 255 183 19
16 11 255 183 19
16 12 255 183 19
16 13 255 183 19
16 14 254 229 73
16 15 254 229 73
16 16 254 229 73
16 17 254 229 73
16 18 255 249 163
16 19 255 249 163
16 20 255 249 163
16 21 255 249 163
16 22 255 249 163
16 23 255 249 163
16 24 124 70 31
16 25 60 32 11
16 26 60 32 11
17 8 124 70 31
17 9 255 183 19
17 10 124 70 31
17 13 124 70 31
17 14 255 183 19
17 15 254 229 73
17 16 254 229 73
17 17 254 229 73
17 18 254 229 73
17 19 255 249 163
17 20 255 249 163
17 21 255 249 163
17 22 255 249 163
17 23 254 229 73
17 24 124 70 31
17 25 60 32 11
17 26 60 32 11
18 14 255 183 19
18 15 255 183 19
18 16 254 229 73
18 17 254 229 73
18 18 254 229 73
18 19 254 229 73
18 20 254 229 73
18 21 254 229 73
18 22 254 229 73
18 23 255 183 19
18 24 124 70 31
18 25 60 32 11
18 26 60 32 11
19 14 124 70 31
19 15 255 183 19
19 16 254 229 73
19 17 254 229 73
19 18 254 229 73
19 19 254 229 73
19 20 254 229 73
19 21 254 229 73
19 22 254 229 73
19 23 255 183 19
19 24 83 44 15
19 25 83 44 15
19 26 60 32 11
20 15 83 44 15
20 16 255 183 19
20 17 255 183 19
20 18 254 229 73
20 19 254 229 73
20 20 254 229 73
20 21 254 229 73
20 22 83 44 15
20 23 83 44 15
20 24 83 44 15
20 25 83 44 15
20 26 83 44 15
21 18 60 32 11
21 19 255 183 19
21 20 124 70 31
21 21 60 32 11
21 22 83 44 15
21 23 83 44 15
21 24 83 44 15
21 25 83 44 15
21 26 83 44 15
21 27 60 32 11
22 19 60 32 11
22 20 83 44 15
22 21 60 32 11
22 22 60 32 11
22 23 83 44 15
22 24 60 32 11
22 25 83 44 15
22 26 124 70 31
22 27 60 32 11
23 20 60 32 11
23 21 83 44 15
23 22 83 44 15
23 23 83 44 15
23 24 83 44 15
23 25 83 44 15
23 26 124 70 31
23 27 60 32 11
24 20 60 32 11
24 21 83 44 15
24 22 83 44 15
24 23 60 32 11
24 24 60 32 11
25 21 60 32 11
25 22 83 44 15
25 23 83 44 15
FRAME
9 15 124 70 31
9 18 255 183 19
10 15 255 183 19
10 17 255 183 19
10 18 255 183 19
12 4 124 70 31
12 5 83 44 15
12 14 254 229 73
13 3 124 70 31
13 4 124 70 31
13 5 60 32 11
13 6 124 70 31
13 7 255 183 19
13 8 124 70 31
13 9 83 44 15
13 10 83 44 15
14 7 124 70 31
14 9 255 183 19
14 10 255 183 19
14 16 255 249 163
15 9 124 70 31
15 16 255 249 163
16 9 60 32 11
16 10 124 70 31
16 17 255 249 163
17 18 255 249 163
18 15 124 70 31
18 16 255 183 19
19 15 60 32 11
19 16 124 70 31
20 17 124 70 31
FRAME
7 21 60 32 11
7 22 60 32 11
7 23 60 32 11
7 24 60 32 11
7 25 83 44 15
7 26 124 70 31
7 27 83 44 15
8 15 60 32 11
8 16 124 70 31
8 17 124 70 31
8 18 124 70 31
8 21 83 44 15
8 22 83 44 15
8 23 60 32 11
8 24 83 44 15
8 25 83 44 15
8 26 83 44 15
8 27 60 32 11
9 15 255 183 19
9 16 255 183 19
9 17 255 183 19
9 19 124 70 31
9 21 83 44 15
9 22 83 44 15
9 23 60 32 11
9 24 83 44 15
9 25 83 44 15
9 26 60 32 11
10 15 124 70 31
10 16 255 183 19
10 19 255 183 19
10 20 255 183 19
10 21 255 183 19
10 22 255 183 19
10 23 124 70 31
10 24 83 44 15
10 25 60 32 11
10 26 60 32 11
11 11 124 70 31
11 12 124 70 31
11 13 124 70 31
11 14 124 70 31
11 15 124 70 31
11 16 255 183 19
11 17 254 229 73
11 18 254 229 73
11 19 254 229 73
11 20 254 229 73
11 21 254 229 73
11 22 254 229 73
11 23 255 183 19
11 24 124 70 31
11 25 60 32 11
12 5 124 70 31
12 6 124 70 31
12 10 124 70 31
12 11 255 183 19
12 12 255 183 19
12 13 254 229 73
12 15 254 229 73
12 16 254 229 73
12 17 254 229 73
12 18 254 229 73
12 19 254 229 73
12 20 255 249 163
12 21 255 249 163
12 22 254 229 73
12 23 254 229 73
12 24 124 70 31
12 25 83 44 15
12 26 83 44 15
12 27 60 32 11
13 5 124 70 31
13 6 255 183 19
13 9 255 183 19
13 10 255 183 19
13 11 255 183 19
13 12 254 229 73
13 13 254 229 73
13 14 254 229 73
13 15 254 229 73
13 16 254 229 73
13 17 254 229 73
13 18 254 229 73
13 19 255 249 163
13 20 255 249 163
13 21 255 249 163
13 22 254 229 73
13 23 254 229 73
13 24 124 70 31
13 25 83 44 15
13 26 124 70 31
13 27 83 44 15
14 6 124 70 31
14 9 124 70 31
14 11 255 183 19
14 12 254 229 73
14 13 254 229 73
14 14 254 229 73
14 15 254 229 73
14 16 254 229 73
14 17 255 249 163
14 18 255 249 163
14 19 255 249 163
14 20 255 249 163
14 21 255 249 163
14 22 255 249 163
14 23 254 229 73
14 24 124 70 31
14 25 83 44 15
14 26 124 70 31
14 27 60 32 11
15 11 124 70 31
15 12 124 70 31
15 13 255 183 19
15 14 255 183 19
15 15 254 229 73
15 17 255 249 163
15 18 255 249 163
15 19 255 249 163
15 20 255 249 163
15 21 255 249 163
15 22 255 249 163
15 23 254 229 73
15 24 124 70 31
15 25 60 32 11
15 26 60 32 11
16 11 124 70 31
16 12 255 183 19
16 13 255 183 19
16 14 254 229 73
16 15 254 229 73
16 16 254 229 73
16 18 255 249 163
16 19 255 249 163
16 20 255 249 163
16 21 255 249 163
16 22 255 249 163
16 23 254 229 73
16 24 124 70 31
16 25 60 32 11
16 26 60 32 11
17 12 255 183 19
17 13 255 183 19
17 14 255 183 19
17 15 255 183 19
17 16 254 229 73
17 17 254 229 73
17 18 254 229 73
17 19 255 249 163
17 20 255 249 163
17 21 254 229 73
17 22 254 229 73
17 23 254 229 73
17 24 124 70 31
17 25 60 32 11
17 26 60 32 11
18 12 124 70 31
18 13 124 70 31
18 14 124 70 31
18 16 254 229 73
18 17 254 229 73
18 18 254 229 73
18 19 255 249 163
18 20 254 229 73
18 21 254 229 73
18 22 254 229 73
18 23 255 183 19
18 24 124 70 31
18 25 60 32 11
18 26 60 32 11
19 12 124 70 31
19 13 255 183 19
19 14 255 183 19
19 15 255 183 19
19 17 255 183 19
19 18 255 183 19
19 19 254 229 73
19 20 254 229 73
19 21 254 229 73
19 22 254 229 73
19 23 255 183 19
19 24 83 44 15
19 25 83 44 15
19 26 60 32 11
20 13 60 32 11
20 14 124 70 31
20 15 255 183 19
20 16 255 183 19
20 17 255 183 19
20 18 254 229 73
20 19 254 229 73
20 20 254 229 73
20 21 254 229 73
20 22 255 183 19
20 23 83 44 15
20 24 83 44 15
20 25 83 44 15
20 26 83 44 15
21 15 83 44 15
21 16 124 70 31
21 17 124 70 31
21 18 124 70 31
21 19 124 70 31
21 20 83 44 15
21 21 124 70 31
21 22 83 44 15
21 23 83 44 15
21 24 83 44 15
21 25 83 44 15
21 26 83 44 15
21 27 60 32 11
22 19 60 32 11
22 20 83 44 15
22 21 60 32 11
22 22 60 32 11
22 23 83 44 15
22 24 60 32 11
22 25 83 44 15
22 26 124 70 31
22 27 60 32 11
23 20 60 32 11
23 21 83 44 15
23 22 83 44 15
23 23 83 44 15
23 24 83 44 15
23 25 83 44 15
23 26 124 70 31
23 27 60 32 11
24 20 60 32 11
24 21 83 44 15
24 22 83 44 15
24 23 60 32 11
24 24 60 32 11
25 21 60 32 11
25 22 83 44 15
25 23 83 44 15
FRAME
8 18 60 32 11
8 19 124 70 31
8 20 124 70 31
8 21 124 70 31
9 18 255 183 19
9 20 255 183 19
9 21 255 183 19
10 14 124 70 31
10 15 255 183 19
10 16 124 70 31
10 17 254 229 73
10 18 254 229 73
10 20 254 229 73
10 21 254 229 73
11 14 255 183 19
11 16 254 229 73
12 12 254 229 73
12 14 255 183 19
12 16 255 183 19
12 18 255 249 163
12 19 255 249 163
13 3 60 32 11
13 4 60 32 11
13 11 83 44 15
13 12 255 183 19
13 14 255 183 19
13 16 255 249 163
13 17 255 249 163
13 22 255 249 163
14 3 124 70 31
14 4 124 70 31
14 5 60 32 11
14 12 255 183 19
14 13 255 183 19
14 15 255 249 163
14 16 255 249 163
14 23 255 249 163
15 4 124 70 31
15 5 83 44 15
15 14 255 249 163
15 15 255 249 163
15 16 255 249 163
15 23 255 249 163
16 16 255 249 163
16 17 255 249 163
17 18 255 249 163
17 21 255 249 163
18 13 255 183 19
18 14 255 183 19
18 15 124 70 31
18 16 255 183 19
18 20 255 249 163
19 12 255 183 19
19 16 124 70 31
19 18 254 229 73
20 12 60 32 11
FRAME
7 21 60 32 11
7 22 60 32 11
7 23 60 32 11
7 24 60 32 11
7 25 83 44 15
7 26 124 70 31
7 27 83 44 15
8 16 124 70 31
8 17 124 70 31
8 18 124 70 31
8 21 83 44 15
8 22 83 44 15
8 23 60 32 11
8 24 83 44 15
8 25 83 44 15
8 26 83 44 15
8 27 60 32 11
9 15 255 183 19
9 16 255 183 19
9 17 255 183 19
9 18 254 229 73
9 19 255 183 19
9 22 83 44 15
9 23 60 32 11
9 24 83 44 15
9 25 83 44 15
9 26 60 32 11
10 13 124 70 31
10 14 255 183 19
10 16 254 229 73
10 18 255 183 19
10 19 254 229 73
10 22 254 229 73
10 23 124 70 31
10 24 83 44 15
10 25 60 32 11
10 26 60 32 11
11 11 124 70 31
11 12 124 70 31
11 13 124 70 31
11 14 124 70 31
11 15 255 183 19
11 16 255 183 19
11 17 254 229 73
11 18 255 183 19
11 19 255 183 19
11 20 254 229 73
11 21 254 229 73
11 22 254 229 73
11 23 255 183 19
11 24 124 70 31
11 25 60 32 11
12 11 124 70 31
12 12 255 183 19
12 13 255 183 19
12 15 254 229 73
12 17 254 229 73
12 18 254 229 73
12 19 254 229 73
12 20 254 229 73
12 21 254 229 73
12 22 254 229 73
12 23 254 229 73
12 24 124 70 31
12 25 83 44 15
12 26 83 44 15
12 27 60 32 11
13 10 60 32 11
13 11 60 32 11
13 12 124 70 31
13 13 255 183 19
13 15 254 229 73
13 16 255 183 19
13 17 254 229 73
13 18 254 229 73
13 19 254 229 73
13 20 254 229 73
13 21 255 249 163
13 23 254 229 73
13 24 124 70 31
13 25 83 44 15
13 26 124 70 31
13 27 83 44 15
14 7 124 70 31
14 8 83 44 15
14 10 124 70 31
14 11 124 70 31
14 12 83 44 15
14 14 255 183 19
14 15 254 229 73
14 16 254 229 73
14 17 254 229 73
14 18 255 249 163
14 19 255 249 163
14 20 255 249 163
14 21 254 229 73
14 22 254 229 73
14 23 254 229 73
14 24 124 70 31
14 25 83 44 15
14 26 124 70 31
14 27 60 32 11
15 6 124 70 31
15 7 124 70 31
15 8 83 44 15
15 9 83 44 15
15 10 255 183 19
15 11 124 70 31
15 12 83 44 15
15 13 255 183 19
15 14 254 229 73
15 17 255 249 163
15 18 255 249 163
15 19 255 249 163
15 20 255 249 163
15 21 255 249 163
15 22 255 249 163
15 23 254 229 73
15 24 124 70 31
15 25 60 32 11
15 26 60 32 11
16 6 83 44 15
16 7 83 44 15
16 9 60 32 11
16 10 124 70 31
16 11 83 44 15
16 12 124 70 31
16 13 255 183 19
16 14 254 229 73
16 15 254 229 73
16 16 254 229 73
16 17 254 229 73
16 18 255 249 163
16 19 255 249 163
16 20 255 249 163
16 21 255 249 163
16 22 255 249 163
16 23 254 229 73
16 24 124 70 31
16 25 60 32 11
16 26 60 32 11
17 12 124 70 31
17 13 255 183 19
17 14 254 229 73
17 15 255 183 19
17 16 254 229 73
17 17 255 183 19
17 18 254 229 73
17 19 255 249 163
17 20 255 249 163
17 22 255 249 163
17 23 254 229 73
17 24 124 70 31
17 25 60 32 11
17 26 60 32 11
18 11 124 70 31
18 12 255 183 19
18 14 254 229 73
18 15 254 229 73
18 17 255 183 19
18 18 255 183 19
18 19 254 229 73
18 21 254 229 73
18 22 254 229 73
18 23 255 183 19
18 24 124 70 31
18 25 60 32 11
18 26 60 32 11
19 11 255 183 19
19 12 124 70 31
19 13 124 70 31
19 14 124 70 31
19 15 255 183 19
19 16 254 229 73
19 17 254 229 73
19 19 254 229 73
19 20 254 229 73
19 21 255 249 163
19 22 254 229 73
19 23 255 183 19
19 24 83 44 15
19 25 83 44 15
19 26 60 32 11
20 11 60 32 11
20 12 124 70 31
20 13 124 70 31
20 14 124 70 31
20 15 255 183 19
20 16 255 183 19
20 17 254 229 73
20 18 254 229 73
20 19 255 183 19
20 20 254 229 73
20 21 254 229 73
20 22 255 183 19
20 23 83 44 15
20 24 83 44 15
20 25 83 44 15
20 26 83 44 15
21 12 124 70 31
21 15 124 70 31
21 16 124 70 31
21 17 255 183 19
21 18 254 229 73
21 19 254 229 73
21 20 255 183 19
21 21 124 70 31
21 22 83 44 15
21 23 83 44 15
21 24 83 44 15
21 25 83 44 15
21 26 83 44 15
21 27 60 32 11
22 17 124 70 31
22 18 124 70 31
22 19 124 70 31
22 20 124 70 31
22 21 60 32 11
22 22 60 32 11
22 23 83 44 15
22 24 60 32 11
22 25 83 44 15
22 26 124 70 31
22 27 60 32 11
23 20 60 32 11
23 21 83 44 15
23 22 83 44 15
23 23 83 44 15
23 24 83 44 15
23 25 83 44 15
23 26 124 70 31
23 27 60 32 11
24 20 60 32 11
24 21 83 44 15
24 22 83 44 15
24 23 60 32 11
24 24 60 32 11
25 21 60 32 11
25 22 83 44 15
25 23 83 44 15
FRAME
9 15 83 44 15
9 18 255 183 19
9 20 124 70 31
9 21 83 44 15
10 14 83 44 15
10 15 255 183 19
10 16 255 183 19
10 17 255 183 19
10 20 255 183 19
10 21 124 70 31
10 22 124 70 31
11 14 255 183 19
11 15 124 70 31
11 16 254 229 73
12 13 124 70 31
12 14 255 183 19
12 15 255 183 19
12 16 254 229 73
12 20 255 249 163
12 21 255 249 163
13 3 60 32 11
13 4 60 32 11
13 14 255 183 19
13 16 254 229 73
13 17 255 249 163
13 18 255 249 163
13 19 255 249 163
13 20 255 249 163
13 22 255 249 163
14 3 124 70 31
14 4 124 70 31
14 13 255 183 19
14 16 255 249 163
14 17 255 249 163
14 21 255 249 163
14 22 255 249 163
15 15 255 249 163
15 16 255 249 163
16 17 255 249 163
17 4 124 70 31
17 5 124 70 31
17 6 124 70 31
17 14 255 183 19
17 17 254 229 73
17 18 255 249 163
17 21 255 249 163
18 5 60 32 11
18 6 124 70 31
18 13 255 183 19
18 15 255 183 19
18 16 255 183 19
18 18 254 229 73
18 19 255 249 163
18 20 255 249 163
18 21 255 249 163
19 16 255 183 19
19 17 255 183 19
19 18 255 183 19
19 20 255 249 163
20 13 255 183 19
20 14 255 183 19
20 16 254 229 73
20 17 255 183 19
20 18 255 183 19
21 13 124 70 31
21 14 124 70 31
21 17 124 70 31
21 18 255 183 19
21 19 255 183 19
FRAME
7 21 60 32 11
7 22 60 32 11
7 23 60 32 11
7 24 60 32 11
7 25 83 44 15
7 26 124 70 31
7 27 83 44 15
8 15 60 32 11
8 16 124 70 31
8 17 124 70 31
8 18 124 70 31
8 19 124 70 31
8 21 83 44 15
8 22 83 44 15
8 23 60 32 11
8 24 83 44 15
8 25 83 44 15
8 26 83 44 15
8 27 60 32 11
9 15 255 183 19
9 16 255 183 19
9 17 254 229 73
9 18 254 229 73
9 19 255 183 19
9 20 255 183 19
9 21 124 70 31
9 22 83 44 15
9 23 60 32 11
9 24 83 44 15
9 25 83 44 15
9 26 60 32 11
10 14 124 70 31
10 15 254 229 73
10 16 254 229 73
10 17 254 229 73
10 18 254 229 73
10 19 254 229 73
10 20 254 229 73
10 21 254 229 73
10 22 255 183 19
10 23 124 70 31
10 24 83 44 15
10 25 60 32 11
10 26 60 32 11
11 15 255 183 19
11 16 255 183 19
11 17 254 229 73
11 18 255 183 19
11 19 255 183 19
11 20 254 229 73
11 21 254 229 73
11 22 254 229 73
11 23 255 183 19
11 24 124 70 31
11 25 60 32 11
12 16 255 183 19
12 17 254 229 73
12 18 254 229 73
12 19 254 229 73
12 20 254 229 73
12 21 254 229 73
12 22 254 229 73
12 23 254 229 73
12 24 124 70 31
12 25 83 44 15
12 26 83 44 15
12 27 60 32 11
13 7 60 32 11
13 13 124 70 31
13 14 254 229 73
13 15 254 229 73
13 17 254 229 73
13 21 254 229 73
13 22 254 229 73
13 23 254 229 73
13 24 124 70 31
13 25 83 44 15
13 26 124 70 31
13 27 83 44 15
14 7 255 183 19
14 8 124 70 31
14 9 124 70 31
14 12 60 32 11
14 13 124 70 31
14 14 255 183 19
14 15 255 249 163
14 18 255 249 163
14 19 255 249 163
14 20 255 249 163
14 22 254 229 73
14 23 254 229 73
14 24 124 70 31
14 25 83 44 15
14 26 124 70 31
14 27 60 32 11
15 7 124 70 31
15 8 255 183 19
15 9 255 183 19
15 12 255 183 19
15 13 255 183 19
15 14 254 229 73
15 17 255 249 163
15 18 255 249 163
15 19 255 249 163
15 20 255 249 163
15 21 255 249 163
15 22 254 229 73
15 23 254 229 73
15 24 124 70 31
15 25 60 32 11
15 26 60 32 11
16 8 124 70 31
16 9 124 70 31
16 11 124 70 31
16 12 255 183 19
16 13 255 183 19
16 14 254 229 73
16 15 255 183 19
16 16 254 229 73
16 18 255 249 163
16 19 255 249 163
16 20 255 249 163
16 21 255 249 163
16 22 255 249 163
16 23 254 229 73
16 24 124 70 31
16 25 60 32 11
16 26 60 32 11
17 10 83 44 15
17 11 255 183 19
17 12 255 183 19
17 13 254 229 73
17 14 254 229 73
17 15 255 183 19
17 16 255 183 19
17 19 255 249 163
17 20 255 249 163
17 22 255 249 163
17 23 254 229 73
17 24 124 70 31
17 25 60 32 11
17 26 60 32 11
18 7 124 70 31
18 9 83 44 15
18 10 255 183 19
18 11 255 183 19
18 12 254 229 73
18 13 254 229 73
18 14 254 229 73
18 16 124 70 31
18 17 255 183 19
18 19 254 229 73
18 20 254 229 73
18 21 254 229 73
18 22 254 229 73
18 23 255 183 19
18 24 124 70 31
18 25 60 32 11
18 26 60 32 11
19 5 255 183 19
19 6 255 183 19
19 7 124 70 31
19 9 83 44 15
19 10 124 70 31
19 11 124 70 31
19 12 124 70 31
19 13 124 70 31
19 14 124 70 31
19 15 255 183 19
19 17 254 229 73
19 18 254 229 73
19 19 254 229 73
19 20 254 229 73
19 21 254 229 73
19 22 254 229 73
19 23 255 183 19
19 24 83 44 15
19 25 83 44 15
19 26 60 32 11
20 5 60 32 11
20 6 60 32 11
20 14 124 70 31
20 15 255 183 19
20 17 254 229 73
20 19 255 183 19
20 20 255 183 19
20 21 255 183 19
20 22 83 44 15
20 23 83 44 15
20 24 83 44 15
20 25 83 44 15
20 26 83 44 15
21 15 83 44 15
21 16 124 70 31
21 18 124 70 31
21 19 60 32 11
21 20 83 44 15
21 21 60 32 11
21 22 83 44 15
21 23 83 44 15
21 24 83 44 15
21 25 83 44 15
21 26 83 44 15
21 27 60 32 11
22 19 60 32 11
22 20 83 44 15
22 21 60 32 11
22 22 60 32 11
22 23 83 44 15
22 24 60 32 11
22 25 83 44 15
22 26 124 70 31
22 27 60 32 11
23 20 60 32 11
23 21 83 44 15
23 22 83 44 15
23 23 83 44 15
23 24 83 44 15
23 25 83 44 15
23 26 124 70 31
23 27 60 32 11
24 20 60 32 11
24 21 83 44 15
24 22 83 44 15
24 23 60 32 11
24 24 60 32 11
25 21 60 32 11
25 22 83 44 15
25 23 83 44 15
FRAME
8 20 124 70 31
9 15 83 44 15
9 17 255 183 19
9 19 254 229 73
9 21 255 183 19
10 12 60 32 11
10 13 124 70 31
10 14 255 183 19
10 15 255 183 19
10 16 255 183 19
10 19 255 183 19
11 12 124 70 31
11 13 255 183 19
11 14 255 183 19
11 15 254 229 73
11 16 254 229 73
11 18 254 229 73
11 19 254 229 73
12 12 124 70 31
12 13 255 183 19
12 14 255 183 19
12 15 255 183 19
12 17 255 183 19
13 3 124 70 31
13 4 124 70 31
13 5 83 44 15
13 12 255 183 19
13 13 255 183 19
13 14 255 183 19
13 15 255 183 19
13 16 254 229 73
13 18 254 229 73
13 19 254 229 73
13 20 254 229 73
14 3 124 70 31
14 4 255 183 19
14 5 254 229 73
14 12 124 70 31
14 14 254 229 73
14 15 254 229 73
14 16 254 229 73
14 17 254 229 73
14 18 254 229 73
14 21 254 229 73
15 5 124 70 31
15 12 124 70 31
15 15 254 229 73
15 16 255 249 163
15 22 255 249 163
16 15 255 249 163
16 16 255 249 163
16 17 255 249 163
17 3 124 70 31
17 4 124 70 31
17 15 254 229 73
17 16 254 229 73
17 17 255 249 163
17 18 255 249 163
17 21 255 249 163
18 3 124 70 31
18 4 124 70 31
18 10 124 70 31
18 12 255 183 19
18 13 255 183 19
18 15 254 229 73
18 16 254 229 73
18 17 254 229 73
18 18 254 229 73
18 19 255 249 163
18 20 255 249 163
19 9 124 70 31
19 10 255 183 19
19 11 255 183 19
19 12 255 183 19
19 13 255 183 19
19 15 124 70 31
19 16 255 183 19
20 9 124 70 31
20 10 255 183 19
20 11 255 183 19
20 12 83 44 15
20 13 83 44 15
20 15 124 70 31
20 16 124 70 31
20 18 255 183 19
20 19 254 229 73
20 20 254 229 73
20 21 254 229 73
21 9 124 70 31
21 10 124 70 31
21 11 124 70 31
21 12 60 32 11
21 13 124 70 31
21 14 255 183 19
21 15 255 183 19
21 16 255 183 19
21 17 254 229 73
21 18 254 229 73
21 19 255 183 19
21 20 124 70 31
22 10 124 70 31
22 11 255 183 19
22 12 255 183 19
22 13 124 70 31
22 14 124 70 31
22 15 124 70 31
22 16 124 70 31
22 17 124 70 31
22 18 124 70 31
22 19 124 70 31
23 11 83 44 15
23 12 83 44 15
23 13 60 32 11
FRAME
7 21 60 32 11
7 22 60 32 11
7 23 60 32 11
7 24 60 32 11
7 25 83 44 15
7 26 124 70 31
7 27 83 44 15
8 17 124 70 31
8 18 124 70 31
8 19 124 70 31
8 21 83 44 15
8 22 83 44 15
8 23 60 32 11
8 24 83 44 15
8 25 83 44 15
8 26 83 44 15
8 27 60 32 11
9 16 124 70 31
9 18 254 229 73
9 20 254 229 73
9 22 83 44 15
9 23 60 32 11
9 24 83 44 15
9 25 83 44 15
9 26 60 32 11
10 14 83 44 15
10 17 254 229 73
10 18 254 229 73
10 19 254 229 73
10 20 254 229 73
10 21 254 229 73
10 22 255 183 19
10 23 124 70 31
10 24 83 44 15
10 25 60 32 11
10 26 60 32 11
11 13 124 70 31
11 15 255 183 19
11 17 254 229 73
11 20 254 229 73
11 21 254 229 73
11 22 254 229 73
11 23 255 183 19
11 24 124 70 31
11 25 60 32 11
12 12 83 44 15
12 16 254 229 73
12 17 254 229 73
12 18 254 229 73
12 19 254 229 73
12 20 254 229 73
12 21 255 249 163
12 22 254 229 73
12 23 254 229 73
12 24 124 70 31
12 25 83 44 15
12 26 83 44 15
12 27 60 32 11
13 17 254 229 73
13 18 255 249 163
13 19 255 249 163
13 20 255 249 163
13 21 255 249 163
13 22 255 249 163
13 23 254 229 73
13 24 124 70 31
13 25 83 44 15
13 26 124 70 31
13 27 83 44 15
14 13 255 183 19
14 14 255 183 19
14 17 255 249 163
14 18 255 249 163
14 19 255 249 163
14 20 255 249 163
14 21 255 249 163
14 22 255 249 163
14 23 254 229 73
14 24 124 70 31
14 25 83 44 15
14 26 124 70 31
14 27 60 32 11
15 9 124 70 31
15 10 124 70 31
15 12 255 183 19
15 13 254 229 73
15 14 254 229 73
15 15 255 249 163
15 17 255 249 163
15 18 255 249 163
15 19 255 249 163
15 20 255 249 163
15 21 255 249 163
15 23 254 229 73
15 24 124 70 31
15 25 60 32 11
15 26 60 32 11
16 9 124 70 31
16 10 255 183 19
16 11 255 183 19
16 12 255 183 19
16 13 254 229 73
16 14 255 249 163
16 18 255 249 163
16 19 255 249 163
16 20 255 249 163
16 21 255 249 163
16 22 255 249 163
16 23 254 229 73
16 24 124 70 31
16 25 60 32 11
16 26 60 32 11
17 9 124 70 31
17 10 255 183 19
17 11 255 183 19
17 12 255 183 19
17 13 254 229 73
17 14 254 229 73
17 16 255 249 163
17 19 255 249 163
17 20 255 249 163
17 22 255 249 163
17 23 254 229 73
17 24 124 70 31
17 25 60 32 11
17 26 60 32 11
18 11 124 70 31
18 13 254 229 73
18 14 254 229 73
18 18 255 249 163
18 21 255 249 163
18 22 254 229 73
18 23 255 183 19
18 24 124 70 31
18 25 60 32 11
18 26 60 32 11
19 12 124 70 31
19 14 124 70 31
19 15 254 229 73
19 16 254 229 73
19 17 254 229 73
19 18 254 229 73
19 19 254 229 73
19 20 254 229 73
19 21 254 229 73
19 22 254 229 73
19 23 255 183 19
19 24 83 44 15
19 25 83 44 15
19 26 60 32 11
20 13 124 70 31
20 14 255 183 19
20 15 255 183 19
20 16 254 229 73
20 17 254 229 73
20 19 255 183 19
20 22 83 44 15
20 23 83 44 15
20 24 83 44 15
20 25 83 44 15
20 26 83 44 15
21 15 83 44 15
21 19 254 229 73
21 21 60 32 11
21 22 83 44 15
21 23 83 44 15
21 24 83 44 15
21 25 83 44 15
21 26 83 44 15
21 27 60 32 11
22 20 83 44 15
22 21 60 32 11
22 22 60 32 11
22 23 83 44 15
22 24 60 32 11
22 25 83 44 15
22 26 124 70 31
22 27 60 32 11
23 20 60 32 11
23 21 83 44 15
23 22 83 44 15
23 23 83 44 15
23 24 83 44 15
23 25 83 44 15
23 26 124 70 31
23 27 60 32 11
24 20 60 32 11
24 21 83 44 15
24 22 83 44 15
24 23 60 32 11
24 24 60 32 11
25 21 60 32 11
25 22 83 44 15
25 23 83 44 15
FRAME
7 15 124 70 31
7 16 124 70 31
7 17 124 70 31
7 18 124 70 31
7 19 124 70 31
7 20 83 44 15
8 14 124 70 31
8 15 255 183 19
8 16 255 183 19
8 17 254 229 73
8 18 254 229 73
8 19 254 229 73
8 20 255 183 19
8 21 124 70 31
9 13 124 70 31
9 14 255 183 19
9 15 254 229 73
9 16 254 229 73
9 17 254 229 73
9 18 255 183 19
9 19 254 229 73
9 21 254 229 73
9 22 255 183 19
10 13 124 70 31
10 14 124 70 31
10 15 254 229 73
10 16 254 229 73
10 22 254 229 73
11 12 124 70 31
11 14 255 183 19
11 15 254 229 73
11 16 254 229 73
11 18 254 229 73
11 19 254 229 73
12 7 124 70 31
12 8 255 183 19
12 12 255 183 19
12 13 254 229 73
12 14 254 229 73
12 15 254 229 73
12 21 254 229 73
13 5 83 44 15
13 6 60 32 11
13 7 83 44 15
13 8 255 183 19
13 9 255 183 19
13 10 83 44 15
13 11 83 44 15
13 12 124 70 31
13 13 254 229 73
13 14 254 229 73
13 15 254 229 73
13 16 254 229 73
13 18 254 229 73
13 19 254 229 73
13 20 254 229 73
13 21 254 229 73
13 22 254 229 73
14 5 255 183 19
14 6 124 70 31
14 8 124 70 31
14 9 255 183 19
14 10 254 229 73
14 11 254 229 73
14 12 254 229 73
14 13 254 229 73
14 14 254 229 73
14 15 254 229 73
14 16 255 249 163
15 10 255 183 19
15 11 255 183 19
15 12 254 229 73
15 13 255 249 163
15 14 255 249 163
15 16 255 249 163
15 22 255 249 163
16 10 83 44 15
16 12 254 229 73
16 14 254 229 73
16 15 255 249 163
16 16 255 249 163
16 17 255 249 163
17 12 124 70 31
17 13 255 183 19
17 15 254 229 73
17 16 254 229 73
17 17 254 229 73
17 18 255 249 163
17 21 255 249 163
17 22 254 229 73
18 12 83 44 15
18 13 124 70 31
18 14 255 183 19
18 15 254 229 73
18 16 254 229 73
18 17 254 229 73
18 18 254 229 73
18 19 254 229 73
18 20 254 229 73
18 21 254 229 73
18 23 254 229 73
19 15 124 70 31
19 24 124 70 31
20 7 124 70 31
20 8 254 229 73
20 9 124 70 31
20 12 124 70 31
20 13 255 183 19
20 18 254 229 73
20 19 254 229 73
20 20 254 229 73
20 21 254 229 73
21 8 124 70 31
21 9 124 70 31
21 12 255 183 19
21 13 255 183 19
21 14 254 229 73
21 15 254 229 73
21 16 254 229 73
21 17 254 229 73
21 18 254 229 73
21 20 255 183 19
21 21 124 70 31
22 12 83 44 15
22 13 124 70 31
22 14 255 183 19
22 15 255 183 19
22 16 255 183 19
22 17 254 229 73
22 18 254 229 73
22 19 124 70 31
23 14 83 44 15
23 15 83 44 15
23 16 83 44 15
23 17 83 44 15
23 18 83 44 15
FRAME
7 15 60 32 11
7 21 60 32 11
7 22 60 32 11
7 23 60 32 11
7 24 60 32 11
7 25 83 44 15
7 26 124 70 31
7 27 83 44 15
8 15 124 70 31
8 17 255 183 19
8 18 255 183 19
8 19 124 70 31
8 20 124 70 31
8 21 83 44 15
8 22 83 44 15
8 23 60 32 11
8 24 83 44 15
8 25 83 44 15
8 26 83 44 15
8 27 60 32 11
9 14 124 70 31
9 15 255 183 19
9 18 254 229 73
9 19 255 183 19
9 20 254 229 73
9 21 124 70 31
9 22 83 44 15
9 23 60 32 11
9 24 83 44 15
9 25 83 44 15
9 26 60 32 11
10 12 83 44 15
10 14 255 183 19
10 16 255 183 19
10 17 255 183 19
10 18 254 229 73
10 19 254 229 73
10 20 254 229 73
10 21 254 229 73
10 22 255 183 19
10 23 124 70 31
10 24 83 44 15
10 25 60 32 11
10 26 60 32 11
11 12 255 183 19
11 13 255 183 19
11 15 255 183 19
11 16 255 183 19
11 17 254 229 73
11 18 255 183 19
11 20 254 229 73
11 21 254 229 73
11 22 254 229 73
11 23 255 183 19
11 24 124 70 31
11 25 60 32 11
12 9 255 183 19
12 10 255 183 19
12 11 255 183 19
12 13 255 183 19
12 14 124 70 31
12 15 255 183 19
12 16 254 229 73
12 17 254 229 73
12 18 254 229 73
12 19 254 229 73
12 20 254 229 73
12 22 254 229 73
12 23 254 229 73
12 24 124 70 31
12 25 83 44 15
12 26 83 44 15
12 27 60 32 11
13 3 60 32 11
13 4 60 32 11
13 9 124 70 31
13 10 255 183 19
13 11 255 183 19
13 12 255 183 19
13 13 255 183 19
13 14 255 183 19
13 15 255 183 19
13 17 254 229 73
13 23 254 229 73
13 24 124 70 31
13 25 83 44 15
13 26 124 70 31
13 27 83 44 15
14 3 124 70 31
14 4 124 70 31
14 9 124 70 31
14 10 255 183 19
14 11 255 183 19
14 12 255 183 19
14 13 255 183 19
14 16 254 229 73
14 17 254 229 73
14 18 255 249 163
14 19 255 249 163
14 20 255 249 163
14 21 255 249 163
14 22 255 249 163
14 23 254 229 73
14 24 124 70 31
14 25 83 44 15
14 26 124 70 31
14 27 60 32 11
15 10 124 70 31
15 13 254 229 73
15 14 254 229 73
15 15 255 249 163
15 17 255 249 163
15 18 255 249 163
15 19 255 249 163
15 20 255 249 163
15 21 255 249 163
15 23 255 249 163
15 24 124 70 31
15 25 60 32 11
15 26 60 32 11
16 11 255 183 19
16 13 254 229 73
16 18 255 249 163
16 19 255 249 163
16 20 255 249 163
16 21 255 249 163
16 22 255 249 163
16 23 255 249 163
16 24 124 70 31
16 25 60 32 11
16 26 60 32 11
17 9 124 70 31
17 11 124 70 31
17 12 255 183 19
17 13 254 229 73
17 14 254 229 73
17 17 255 249 163
17 19 255 249 163
17 20 255 249 163
17 22 255 249 163
17 23 255 249 163
17 24 124 70 31
17 25 60 32 11
17 26 60 32 11
18 9 124 70 31
18 12 124 70 31
18 13 255 183 19
18 14 254 229 73
18 18 255 249 163
18 19 255 249 163
18 20 255 249 163
18 21 255 249 163
18 22 255 249 163
18 24 124 70 31
18 25 60 32 11
18 26 60 32 11
19 13 83 44 15
19 14 124 70 31
19 16 255 183 19
19 17 254 229 73
19 18 254 229 73
19 19 254 229 73
19 20 254 229 73
19 21 254 229 73
19 22 254 229 73
19 23 124 70 31
19 24 83 44 15
19 25 83 44 15
19 26 60 32 11
20 4 124 70 31
20 5 124 70 31
20 15 124 70 31
20 16 255 183 19
20 17 254 229 73
20 18 255 183 19
20 22 83 44 15
20 23 83 44 15
20 24 83 44 15
20 25 83 44 15
20 26 83 44 15
21 5 124 70 31
21 15 255 183 19
21 19 254 229 73
21 22 83 44 15
21 23 83 44 15
21 24 83 44 15
21 25 83 44 15
21 26 83 44 15
21 27 60 32 11
22 17 255 183 19
22 18 255 183 19
22 19 255 183 19
22 20 124 70 31
22 21 60 32 11
22 22 60 32 11
22 23 83 44 15
22 24 60 32 11
22 25 83 44 15
22 26 124 70 31
22 27 60 32 11
23 14 124 70 31
23 15 255 183 19
23 16 255 183 19
23 17 255 183 19
23 18 255 183 19
23 19 83 44 15
23 20 60 32 11
23 21 83 44 15
23 22 83 44 15
23 23 83 44 15
23 24 83 44 15
23 25 83 44 15
23 26 124 70 31
23 27 60 32 11
24 20 60 32 11
24 21 83 44 15
24 22 83 44 15
24 23 60 32 11
24 24 60 32 11
25 21 60 32 11
25 22 83 44 15
25 23 83 44 15
FRAME
9 17 124 70 31
9 18 255 183 19
9 20 255 183 19
10 15 124 70 31
10 20 255 183 19
10 21 255 183 19
10 22 124 70 31
10 23 83 44 15
11 18 254 229 73
11 19 254 229 73
11 23 124 70 31
11 24 60 32 11
12 21 255 249 163
13 5 60 32 11
13 6 255 183 19
13 7 124 70 31
13 10 60 32 11
13 11 83 44 15
13 15 254 229 73
13 16 254 229 73
13 18 254 229 73
13 19 255 249 163
13 20 255 249 163
13 21 255 249 163
13 22 255 249 163
14 3 83 44 15
14 5 60 32 11
14 9 83 44 15
14 14 254 229 73
14 15 254 229 73
14 17 255 249 163
14 23 255 249 163
15 3 124 70 31
15 4 124 70 31
15 5 83 44 15
15 9 255 183 19
15 10 255 183 19
15 11 255 183 19
15 12 255 183 19
15 16 255 249 163
15 22 255 249 163
16 5 60 32 11
16 6 124 70 31
16 9 124 70 31
16 10 124 70 31
16 11 124 70 31
16 12 255 183 19
16 13 255 183 19
16 14 255 183 19
16 15 254 229 73
16 16 254 229 73
16 17 254 229 73
17 14 124 70 31
17 15 255 183 19
17 16 254 229 73
17 17 254 229 73
17 18 254 229 73
17 19 254 229 73
17 21 255 249 163
17 23 254 229 73
18 12 83 44 15
18 13 124 70 31
18 14 124 70 31
18 15 255 183 19
18 16 255 183 19
18 17 255 183 19
18 18 255 183 19
18 19 254 229 73
18 20 254 229 73
18 22 254 229 73
18 23 255 183 19
19 12 60 32 11
19 13 124 70 31
19 14 255 183 19
19 15 254 229 73
19 17 255 183 19
19 18 255 183 19
19 21 255 183 19
20 14 124 70 31
20 15 255 183 19
20 17 255 183 19
20 18 254 229 73
20 19 254 229 73
20 20 254 229 73
20 21 254 229 73
21 15 124 70 31
21 16 124 70 31
21 17 124 70 31
21 18 255 183 19
21 19 255 183 19
21 20 124 70 31
21 21 60 32 11
22 18 124 70 31
22 19 124 70 31
22 20 83 44 15
FRAME
