6 FRAMES
255 255 255 0
0 0 0 1
109 63 47 2
0 1 5 3
103 57 41 4
255 198 99 5
1 1 1 6
50 29 26 7
67 41 28 8
0 5 8 9
27 14 8 10
255 123 57 11
65 39 26 12
37 20 12 13
41 28 20 14
70 42 30 15
77 53 43 16
71 43 31 17
0 1 0 18
255 132 66 19
8 1 0 20
70 42 31 21
88 47 29 22
34 24 15 23
95 55 45 24
0 2 0 25
74 44 33 26
69 41 29 27
56 30 15 28
66 32 22 29
3 0 0 30
74 42 31 31
83 47 33 32
27 21 23 33
30 25 19 34
77 43 33 35
255 90 8 36
35 11 7 37
59 31 20 38
61 43 33 39
111 66 45 40
87 48 33 41
4 3 0 42
35 21 12 43
93 62 44 44
79 43 31 45
69 40 26 46
206 66 0 47
16 12 13 48
94 57 39 49
84 49 30 50
113 66 46 51
22 18 15 52
91 55 41 53
94 56 43 54
110 63 45 55
63 40 24 56
4 2 3 57
68 38 28 58
91 54 36 59
86 51 32 60
111 66 47 61
87 51 35 62
7 6 4 63
66 38 24 64
71 41 31 65
32 12 11 66
1 2 4 67
69 41 20 68
46 31 26 69
97 60 44 70
68 42 29 71
39 20 13 72
50 33 26 73
69 42 33 74
1 6 9 75
116 69 51 76
75 47 35 77
116 61 40 78
68 41 32 79
0 0 4 80
73 41 28 81
76 44 33 82
78 41 33 83
3 2 0 84
108 57 38 85
89 50 35 86
85 48 32 87
72 46 29 88
0 4 0 89
5 0 0 90
96 59 43 91
106 68 55 92
21 16 13 93
87 55 42 94
71 49 36 95
74 42 29 96
0 1 4 97
91 57 47 98
38 23 18 99
52 32 21 100
84 50 38 101
81 44 26 102
82 59 49 103
6 0 0 104
100 54 38 105
34 21 15 106
0 17 11 107
0 6 0 108
6 7 2 109
91 61 50 110
38 29 24 111
0 5 0 112
255 99 16 113
255 156 99 114
P
0
0 0
1 0
2 0
3 0
4 0
5 0
6 0
7 0
8 0
9 0
10 0
11 0
12 0
13 0
14 0
15 0
16 0
17 0
18 0
19 0
20 0
21 0
22 0
23 0
24 0
25 0
28 2
30 4
31 2
X
1
0 0
1 0
2 0
3 0
4 0
5 0
6 0
7 0
8 0
9 0
10 0
11 0
12 0
13 0
14 0
15 0
16 0
17 0
18 0
19 0
20 0
21 0
22 0
23 0
24 0
25 0
28 2
29 4
30 2
X
2
0 0
1 0
2 0
3 0
4 0
5 0
6 0
7 0
8 0
9 0
10 0
11 0
12 0
13 0
14 0
15 0
16 0
17 5
18 5
19 0
20 0
21 0
22 0
23 0
24 0
27 7
28 8
29 8
X
3
0 0
1 0
2 0
3 0
4 0
5 0
6 0
7 0
8 0
9 0
10 0
11 0
12 0
13 0
14 0
15 0
16 5
17 5
18 5
19 5
20 0
21 0
24 2
26 2
27 8
28 8
30 8
31 2
X
4
0 0
1 0
2 0
3 0
4 0
5 0
6 0
7 0
8 0
9 11
10 11
11 0
12 0
13 0
14 0
15 0
16 0
17 5
18 5
19 5
20 0
21 0
23 2
25 2
26 12
27 4
29 14
30 8
31 8
X
5
0 0
1 0
2 0
3 0
4 0
5 0
6 0
7 0
8 0
9 11
10 11
11 0
12 0
13 0
14 0
15 0
16 0
17 5
18 5
19 5
20 0
21 0
24 2
25 15
26 12
27 4
29 16
30 17
X
6
0 0
1 0
2 0
3 0
4 0
5 0
6 0
7 0
8 11
9 5
10 5
11 11
12 11
13 11
14 11
15 5
16 0
17 5
18 5
19 5
20 5
21 11
22 19
23 19
25 2
26 21
27 22
29 24
31 26
X
7
0 0
1 0
2 0
3 0
4 0
5 0
6 0
7 0
8 11
9 5
10 5
11 11
12 11
13 11
14 11
15 5
16 0
17 5
18 5
19 5
20 5
21 11
22 19
23 19
24 19
26 27
27 28
29 29
31 8
X
8
0 0
1 0
2 0
3 0
4 0
5 0
6 0
7 0
8 11
9 5
10 5
11 11
12 11
13 11
14 11
15 5
16 0
17 5
18 5
19 5
20 5
21 11
22 19
23 19
24 19
26 31
27 32
30 35
31 2
X
9
0 0
1 0
2 0
3 0
4 0
5 0
6 0
7 0
8 0
9 11
10 11
11 5
12 5
13 5
14 5
15 19
16 5
17 5
18 5
19 19
20 19
21 19
22 11
23 11
24 11
25 36
27 38
29 39
30 40
31 41
X
10
0 0
1 0
2 0
3 0
4 0
5 0
6 0
7 0
8 0
9 0
10 0
11 19
12 19
13 19
14 19
15 5
16 19
17 19
18 19
19 19
20 11
21 36
22 36
23 36
24 36
25 36
27 38
29 44
30 45
31 46
X
11
0 0
1 0
2 0
3 0
4 0
5 0
6 0
7 0
8 0
9 5
10 5
11 5
12 11
13 11
14 11
15 19
16 11
17 19
18 19
19 11
20 36
21 36
22 36
23 36
24 36
25 47
28 49
29 50
30 15
31 51
X
12
0 0
1 0
2 0
3 0
4 0
5 0
6 0
7 0
8 0
9 5
10 5
11 5
12 11
13 11
14 11
15 19
16 11
17 19
18 19
19 11
20 36
21 36
22 36
23 36
24 36
25 47
28 53
29 54
30 55
31 56
X
13
0 0
1 0
2 0
3 0
4 0
5 0
6 5
7 5
8 5
9 5
10 5
11 5
12 5
13 5
14 5
15 19
16 19
17 19
18 19
19 36
20 36
21 36
22 47
23 47
24 47
25 47
27 58
28 59
29 60
30 27
31 27
X
14
0 0
1 5
2 5
3 5
4 5
5 5
6 5
7 5
8 5
9 5
10 5
11 5
12 5
13 5
14 5
15 19
16 11
17 19
18 19
19 36
20 36
21 36
22 47
23 47
24 47
25 47
26 12
27 61
28 62
29 15
30 15
X
15
0 0
1 5
2 5
3 5
4 5
5 5
6 5
7 5
8 11
9 19
10 19
11 19
12 19
13 19
14 19
15 5
16 36
17 36
18 36
19 36
20 36
21 36
22 47
23 47
24 47
25 47
27 64
28 65
31 68
X
16
0 0
1 5
2 5
3 5
4 5
5 5
6 5
7 5
8 11
9 19
10 19
11 19
12 19
13 19
14 19
15 5
16 36
17 36
18 36
19 36
20 36
21 36
22 47
23 47
24 47
25 47
29 69
30 15
31 51
X
17
0 0
1 5
2 5
3 5
4 5
5 5
6 5
7 5
8 11
9 19
10 19
11 19
12 19
13 19
14 19
15 5
16 36
17 36
18 36
19 36
20 36
21 36
22 47
23 47
24 47
26 15
27 38
29 70
30 17
31 51
X
18
0 0
1 0
2 0
3 0
4 0
5 0
6 5
7 5
8 5
9 5
10 5
11 5
12 19
13 19
14 19
15 5
16 19
17 19
18 19
19 36
20 36
21 36
22 36
23 36
24 36
25 27
26 71
27 4
29 73
30 61
31 74
X
19
0 0
1 0
2 0
3 0
4 0
5 0
6 0
7 0
8 5
9 5
10 5
11 5
12 5
13 5
14 5
15 5
16 5
17 19
18 19
19 19
20 36
21 36
22 36
23 36
24 36
26 76
27 77
28 62
30 78
31 79
X
20
0 0
1 0
2 0
3 0
4 0
5 0
6 0
7 0
8 0
9 0
10 0
11 5
12 5
13 5
14 5
15 5
16 19
17 11
18 11
19 5
20 36
21 36
22 36
23 36
24 36
26 81
27 61
28 53
29 15
31 82
X
21
0 0
1 0
2 0
3 0
4 0
5 0
6 0
7 0
8 0
9 0
10 0
11 0
12 11
13 11
14 11
15 19
16 5
17 5
18 5
19 5
20 19
21 19
22 36
23 36
24 36
25 83
27 85
28 86
29 87
30 88
X
22
0 0
1 0
2 0
3 0
4 0
5 0
6 0
7 0
8 0
9 0
10 0
11 0
12 11
13 11
14 11
15 19
16 5
17 5
18 5
19 5
20 19
21 19
22 36
23 36
24 36
25 83
27 77
28 62
29 91
30 15
31 27
X
23
0 0
1 0
2 0
3 0
4 0
5 0
6 0
7 0
8 0
9 0
10 0
11 11
12 11
13 11
14 11
15 5
16 19
17 19
18 19
19 19
20 19
21 11
22 19
23 19
24 19
25 71
26 92
28 94
29 95
30 96
31 2
X
24
0 0
1 0
2 0
3 0
4 0
5 0
6 0
7 0
8 0
9 11
10 11
11 11
12 19
13 19
14 19
15 19
16 5
17 5
18 5
19 5
20 5
21 19
22 19
23 19
24 19
26 98
27 99
28 100
29 8
30 8
31 8
X
25
0 0
1 0
2 0
3 0
4 0
5 0
6 0
7 0
8 0
9 0
10 0
11 0
12 0
13 0
14 0
15 0
16 5
17 5
18 5
19 5
20 0
21 0
22 2
26 101
27 102
29 8
30 2
31 2
X
26
0 0
1 0
2 0
3 0
4 0
5 0
6 0
7 0
8 0
9 0
10 0
11 0
12 0
13 0
14 0
15 0
16 5
17 5
18 5
19 5
20 0
21 0
23 2
24 2
25 103
27 105
X
27
0 0
1 0
2 0
3 0
4 0
5 0
6 0
7 0
8 0
9 0
10 0
11 0
12 0
13 0
14 0
15 0
16 5
17 5
18 5
19 5
20 0
21 0
23 2
25 103
27 4
28 8
29 2
30 8
31 2
X
28
0 0
1 0
2 0
3 0
4 0
5 0
6 0
7 0
8 0
9 0
10 0
11 0
12 0
13 0
14 0
15 0
16 5
17 5
18 5
19 5
20 0
21 0
25 103
27 110
28 8
29 8
30 2
X
29
0 0
1 0
2 0
3 0
4 0
5 0
6 0
7 0
8 0
9 0
10 0
11 0
12 0
13 0
14 0
15 5
16 0
17 0
18 0
19 0
20 0
21 0
23 2
25 103
26 2
27 111
28 8
29 2
30 8
X
30
0 0
1 0
2 0
3 0
4 0
5 0
6 0
7 0
8 0
9 0
10 0
11 0
12 0
13 0
14 0
15 0
16 0
17 0
18 0
19 0
20 0
21 0
22 0
23 2
24 2
26 103
27 7
28 8
29 8
30 8
X
31
0 0
1 0
2 0
3 0
4 0
5 0
6 0
7 0
8 0
9 0
10 0
11 0
12 0
13 0
14 0
15 0
16 0
17 0
18 0
19 0
20 0
21 0
22 0
23 0
24 0
25 0
28 2
31 2
X
F
0
X
1
X
2
17 0
18 0
X
3
16 0
17 0
18 0
19 0
X
4
9 0
10 0
17 0
18 0
19 0
21 36
X
5
9 0
10 0
17 0
18 0
19 0
21 36
X
6
1 11
2 11
8 0
9 0
10 0
11 0
12 0
13 0
14 0
15 0
17 0
18 0
19 0
20 113
21 113
22 113
23 113
X
7
1 11
2 11
8 0
9 0
10 0
11 0
12 0
13 0
14 0
15 0
17 0
18 0
19 0
20 113
21 113
22 113
23 113
24 113
X
8
1 11
2 11
8 0
9 0
10 0
11 0
12 0
13 0
14 0
15 0
17 0
18 0
19 0
20 113
21 113
22 113
23 113
24 113
X
9
1 11
2 11
9 0
10 0
11 0
12 0
13 0
14 0
15 0
16 0
17 36
18 36
19 36
20 113
21 36
22 5
23 5
24 5
25 5
X
10
3 11
11 0
12 0
13 0
14 0
15 36
16 36
17 113
18 113
19 113
20 113
21 5
22 5
23 5
24 5
25 5
X
11
3 5
4 11
5 11
8 11
9 11
10 11
11 0
12 0
13 0
14 0
15 36
16 113
17 113
18 113
19 113
20 113
21 113
22 5
23 5
24 5
25 5
X
12
3 5
4 11
5 11
8 11
9 11
10 11
11 0
12 0
13 0
14 0
15 36
16 113
17 113
18 113
19 113
20 113
21 113
22 5
23 5
24 5
25 5
X
13
3 5
4 5
5 5
6 11
7 11
8 11
9 19
10 19
11 11
12 11
13 11
14 11
15 113
16 113
17 113
18 113
20 113
21 113
22 113
23 113
24 113
25 5
X
14
1 0
2 0
3 0
6 19
7 19
8 19
9 11
10 11
11 19
15 5
16 113
17 113
18 113
19 113
20 113
21 113
22 11
23 11
24 11
25 113
X
15
1 0
2 0
3 0
4 0
5 0
8 19
11 5
12 5
13 5
14 5
16 5
17 113
18 113
19 113
20 113
21 11
22 113
23 113
24 113
25 113
X
16
1 0
2 0
3 0
4 0
5 0
8 19
11 5
12 5
13 5
14 5
16 5
17 113
18 113
19 113
20 113
21 11
22 113
23 113
24 113
25 113
X
17
1 0
2 0
3 0
4 0
5 0
8 19
11 5
12 5
13 5
14 5
16 5
17 113
18 113
19 113
20 113
21 11
22 113
23 113
24 113
X
18
12 5
13 5
14 5
16 5
17 5
18 5
19 5
20 19
21 113
22 113
23 113
24 113
X
19
8 0
9 0
10 0
19 5
20 11
21 19
22 113
23 113
24 113
X
20
11 0
17 19
18 19
19 19
20 19
21 19
22 11
23 11
24 11
X
21
12 0
13 0
14 0
15 11
16 11
17 19
18 19
19 11
21 11
22 19
23 19
24 19
X
22
12 0
13 0
14 0
15 11
16 11
17 19
18 19
19 11
21 11
22 19
23 19
24 19
X
23
11 0
15 11
17 0
18 0
19 0
21 19
X
24
9 0
10 0
11 0
12 11
13 11
14 11
15 0
16 0
17 0
18 0
19 0
20 0
21 11
X
25
11 11
16 0
17 0
18 0
19 0
X
26
11 11
16 0
17 0
18 0
19 0
X
27
11 11
16 0
17 0
18 0
19 0
X
28
11 11
16 0
17 0
18 0
19 0
X
29
9 11
10 11
15 0
X
30
X
31
X
F
0
0 0
1 0
2 0
3 0
4 0
5 0
6 0
7 0
8 0
9 0
10 0
11 0
12 0
13 0
14 0
15 0
16 0
17 0
18 0
19 0
20 0
21 0
22 0
23 0
24 0
25 0
28 2
30 4
31 2
X
1
0 0
1 0
2 0
3 0
4 0
5 0
6 0
7 0
8 0
9 0
10 0
11 0
12 0
13 0
14 0
15 0
16 0
17 0
18 0
19 0
20 0
21 0
22 0
23 0
24 0
25 0
28 2
29 4
30 2
X
2
0 0
1 0
2 0
3 0
4 0
5 0
6 0
7 0
8 0
9 0
10 0
11 0
12 0
13 0
14 0
15 0
16 0
19 0
20 0
21 0
22 0
23 0
24 0
27 7
28 8
29 8
X
3
0 0
1 0
2 0
3 0
4 0
5 0
6 0
7 0
8 0
9 0
10 0
11 0
12 0
13 0
14 0
15 0
20 0
21 0
24 2
26 2
27 8
28 8
30 8
31 2
X
4
0 0
1 0
2 0
3 0
4 0
5 0
6 0
7 0
8 0
11 0
12 0
13 0
14 0
15 0
16 0
20 0
23 2
25 2
26 12
27 4
29 14
30 8
31 8
X
5
0 0
1 0
2 0
3 0
4 0
5 0
6 0
7 0
8 0
11 0
12 0
13 0
14 0
15 0
16 0
20 0
24 2
25 15
26 12
27 4
29 16
30 17
X
6
0 0
1 0
2 0
3 0
4 0
5 0
6 0
7 0
16 5
17 5
18 5
19 5
25 2
26 21
27 22
29 24
31 26
X
7
0 0
1 0
2 0
3 0
4 0
5 0
6 0
7 0
16 5
17 5
18 5
19 5
26 27
27 28
29 29
31 8
X
8
0 0
1 0
2 0
3 0
4 0
5 0
6 0
7 0
16 5
17 5
18 5
19 5
26 31
27 32
30 35
31 2
X
9
0 0
1 0
2 0
3 0
4 0
5 0
6 0
7 0
8 0
12 5
13 5
14 5
15 5
16 5
21 113
27 38
29 39
30 40
31 41
X
10
0 0
1 0
2 0
3 0
4 0
5 0
6 0
7 0
8 0
9 5
10 5
11 5
12 5
13 5
14 5
16 113
27 38
29 44
30 45
31 46
X
11
0 0
1 0
2 5
4 0
5 0
6 0
7 0
8 5
9 5
10 5
11 5
12 5
13 5
14 5
15 113
28 49
29 50
30 15
31 51
X
12
0 0
1 0
2 5
4 0
5 0
6 0
7 0
8 5
9 5
10 5
11 5
12 5
13 5
14 5
15 113
28 53
29 54
30 55
31 56
X
13
0 0
1 0
2 5
6 5
7 5
8 5
9 11
10 11
11 5
12 5
13 5
14 5
19 113
27 58
28 59
29 60
30 27
31 27
X
14
0 0
4 5
5 5
6 5
7 5
8 11
9 19
10 19
12 19
13 19
14 19
19 36
22 19
23 19
24 19
26 12
27 61
28 62
29 15
30 15
X
15
0 0
6 5
7 5
9 11
10 11
11 19
12 19
13 19
14 19
15 19
17 114
18 114
19 114
27 64
28 65
31 68
X
16
0 0
6 5
7 5
9 11
10 11
11 19
12 19
13 19
14 19
15 19
17 114
18 114
19 114
29 69
30 15
31 51
X
17
0 0
6 5
7 5
9 11
10 11
11 19
12 19
13 19
14 19
15 19
17 114
18 114
19 114
26 15
27 38
29 70
30 17
31 51
X
18
0 0
1 0
2 0
3 0
4 0
5 0
6 11
7 11
8 5
9 19
10 19
11 11
15 5
16 114
17 114
18 114
19 114
20 114
21 114
25 27
26 71
27 4
29 73
30 61
31 74
X
19
0 0
1 0
2 0
3 0
4 11
5 11
6 0
7 0
11 5
12 5
13 5
14 5
15 5
16 114
17 114
18 114
19 114
20 114
26 76
27 77
28 62
30 78
31 79
X
20
0 0
1 0
2 11
3 11
4 0
5 0
6 0
7 0
8 0
9 0
10 0
12 5
13 5
14 5
15 5
16 19
17 114
18 114
19 114
26 81
27 61
28 53
29 15
31 82
X
21
0 0
1 0
2 11
3 11
4 0
5 0
6 0
7 0
8 0
9 0
10 0
11 0
15 0
17 11
18 11
19 19
20 11
21 19
25 83
27 85
28 86
29 87
30 88
X
22
0 0
1 0
2 11
3 11
4 0
5 0
6 0
7 0
8 0
9 0
10 0
11 0
15 0
17 11
18 11
19 19
20 11
21 19
25 83
27 77
28 62
29 91
30 15
31 27
X
23
0 0
1 0
2 0
3 0
4 0
5 0
6 0
7 0
8 0
9 0
10 0
12 0
13 0
14 0
15 0
16 0
20 19
21 11
22 19
23 19
24 19
25 71
26 92
28 94
29 95
30 96
31 2
X
24
0 0
1 0
2 0
3 0
4 0
5 0
6 0
7 0
8 0
12 0
13 0
14 0
22 11
23 11
24 11
26 98
27 99
28 100
29 8
30 8
31 8
X
25
0 0
1 0
2 0
3 0
4 0
5 0
6 0
7 0
8 0
9 0
10 0
11 0
12 0
13 0
14 0
15 0
20 0
21 0
22 2
26 101
27 102
29 8
30 2
31 2
X
26
0 0
1 0
2 0
3 0
4 0
5 0
6 0
7 0
8 0
9 0
10 0
11 0
12 0
13 0
14 0
15 0
20 0
21 0
23 2
24 2
25 103
27 105
X
27
0 0
1 0
2 0
3 0
4 0
5 0
6 0
7 0
8 0
9 0
10 0
11 0
12 0
13 0
14 0
15 0
20 0
21 0
23 2
25 103
27 4
28 8
29 2
30 8
31 2
X
28
0 0
1 0
2 0
3 0
4 0
5 0
6 0
7 0
8 0
9 0
10 0
11 0
12 0
13 0
14 0
15 0
20 0
21 0
25 103
27 110
28 8
29 8
30 2
X
29
0 0
1 0
2 0
3 0
4 0
5 0
6 0
7 0
8 0
9 0
10 0
11 0
12 0
13 0
14 0
16 0
17 0
18 0
19 0
20 0
21 0
23 2
25 103
26 2
27 111
28 8
29 2
30 8
X
30
0 0
1 0
2 0
3 0
4 0
5 0
6 0
7 0
8 0
9 0
10 0
11 0
12 0
13 0
14 0
15 0
16 0
17 0
18 0
19 0
20 0
21 0
22 0
23 2
24 2
26 103
27 7
28 8
29 8
30 8
X
31
0 0
1 0
2 0
3 0
4 0
5 0
6 0
7 0
8 0
9 0
10 0
11 0
12 0
13 0
14 0
15 0
16 0
17 0
18 0
19 0
20 0
21 0
22 0
23 0
24 0
25 0
28 2
31 2
X
F
0
X
1
X
2
17 5
18 5
X
3
16 5
17 5
18 5
19 5
X
4
9 11
10 11
17 5
18 5
19 5
21 0
X
5
9 11
10 11
17 5
18 5
19 5
21 0
X
6
8 11
9 5
10 5
11 11
12 11
13 11
14 11
15 5
16 0
20 5
21 11
22 19
23 19
X
7
8 11
9 5
10 5
11 11
12 11
13 11
14 11
15 5
16 0
20 5
21 11
22 19
23 19
24 19
X
8
8 11
9 5
10 5
11 11
12 11
13 11
14 11
15 5
16 0
20 5
21 11
22 19
23 19
24 19
X
9
9 11
10 11
11 5
15 19
17 5
18 5
19 19
20 19
21 19
22 11
23 11
24 11
25 36
X
10
9 0
10 0
11 19
12 19
13 19
14 19
15 5
16 19
17 19
18 19
19 19
20 11
21 36
22 36
23 36
24 36
25 36
X
11
2 0
3 0
8 0
12 11
13 11
14 11
15 19
16 11
17 19
18 19
19 11
20 36
21 36
22 36
23 36
24 36
25 47
X
12
2 0
3 0
8 0
12 11
13 11
14 11
15 19
16 11
17 19
18 19
19 11
20 36
21 36
22 36
23 36
24 36
25 47
X
13
2 0
3 0
4 0
5 0
9 5
10 5
15 19
16 19
17 19
18 19
19 36
20 36
21 36
22 47
23 47
24 47
25 47
X
14
1 5
2 5
3 5
8 5
9 5
10 5
11 5
12 5
13 5
14 5
15 19
16 11
17 19
18 19
20 36
21 36
22 47
23 47
24 47
25 47
X
15
1 5
2 5
3 5
4 5
5 5
8 11
9 19
10 19
15 5
16 36
17 36
18 36
19 36
20 36
21 36
22 47
23 47
24 47
25 47
X
16
1 5
2 5
3 5
4 5
5 5
8 11
9 19
10 19
15 5
16 36
17 36
18 36
19 36
20 36
21 36
22 47
23 47
24 47
25 47
X
17
1 5
2 5
3 5
4 5
5 5
8 11
9 19
10 19
15 5
16 36
17 36
18 36
19 36
20 36
21 36
22 47
23 47
24 47
X
18
6 5
7 5
9 5
10 5
11 5
12 19
13 19
14 19
16 19
17 19
18 19
19 36
20 36
21 36
22 36
23 36
24 36
X
19
4 0
5 0
8 5
9 5
10 5
16 5
17 19
18 19
19 19
20 36
21 36
22 36
23 36
24 36
X
20
2 0
3 0
11 5
17 11
18 11
19 5
20 36
21 36
22 36
23 36
24 36
X
21
2 0
3 0
12 11
13 11
14 11
15 19
16 5
17 5
18 5
19 5
20 19
22 36
23 36
24 36
X
22
2 0
3 0
12 11
13 11
14 11
15 19
16 5
17 5
18 5
19 5
20 19
22 36
23 36
24 36
X
23
11 11
12 11
13 11
14 11
15 5
16 19
17 19
18 19
19 19
X
24
9 11
10 11
11 11
12 19
13 19
14 19
15 19
16 5
17 5
18 5
19 5
20 5
21 19
22 19
23 19
24 19
X
25
16 5
17 5
18 5
19 5
X
26
16 5
17 5
18 5
19 5
X
27
16 5
17 5
18 5
19 5
X
28
16 5
17 5
18 5
19 5
X
29
15 5
X
30
X
31
X
F
0
0 0
1 0
2 0
3 0
4 0
5 0
6 0
7 0
8 0
9 0
10 0
11 0
12 0
13 0
14 0
15 0
16 0
17 0
18 0
19 0
20 0
21 0
22 0
23 0
24 0
25 0
28 2
30 4
31 2
X
1
0 0
1 0
2 0
3 0
4 0
5 0
6 0
7 0
8 0
9 0
10 0
11 0
12 0
13 0
14 0
15 0
16 0
17 0
18 0
19 0
20 0
21 0
22 0
23 0
24 0
25 0
28 2
29 4
30 2
X
2
0 0
1 0
2 0
3 0
4 0
5 0
6 0
7 0
8 0
9 0
10 0
11 0
12 0
13 0
14 0
15 0
16 0
17 0
18 0
19 0
20 0
21 0
22 0
23 0
24 0
27 7
28 8
29 8
X
3
0 0
1 0
2 0
3 0
4 0
5 0
6 0
7 0
8 0
9 0
10 0
11 0
12 0
13 0
14 0
15 0
16 0
17 0
18 0
19 0
20 0
21 0
24 2
26 2
27 8
28 8
30 8
31 2
X
4
0 0
1 0
2 0
3 0
4 0
5 0
6 0
7 0
8 0
9 0
10 0
11 0
12 0
13 0
14 0
15 0
16 0
17 114
18 114
19 114
20 114
21 114
23 2
25 2
26 12
27 4
29 14
30 8
31 8
X
5
0 0
1 0
2 0
3 0
4 0
5 0
6 0
7 0
8 0
9 0
10 0
11 0
12 0
13 0
14 0
15 0
16 0
17 114
18 114
19 114
20 114
21 114
24 2
25 15
26 12
27 4
29 16
30 17
X
6
0 0
1 0
2 0
3 0
4 0
5 0
6 0
7 0
8 0
9 0
10 0
11 114
12 114
13 114
14 114
15 114
16 114
17 114
18 114
19 5
20 114
25 2
26 21
27 22
29 24
31 26
X
7
0 0
1 0
2 0
3 0
4 0
5 0
6 0
7 0
8 0
9 0
10 0
11 114
12 114
13 114
14 114
15 114
16 114
17 114
18 114
19 5
20 114
26 27
27 28
29 29
31 8
X
8
0 0
1 0
2 0
3 0
4 0
5 0
6 0
7 0
8 0
9 0
10 0
11 114
12 114
13 114
14 114
15 114
16 114
17 114
18 114
19 5
20 114
26 31
27 32
30 35
31 2
X
9
0 0
1 0
2 0
3 0
4 0
5 0
6 114
7 114
8 114
9 114
10 114
11 114
12 114
13 114
14 114
15 114
16 114
19 5
20 5
27 38
29 39
30 40
31 41
X
10
0 0
1 0
2 114
3 114
4 114
5 114
6 114
7 114
8 114
9 114
10 114
11 11
12 114
13 114
14 114
15 114
16 114
17 114
18 114
19 5
20 5
27 38
29 44
30 45
31 46
X
11
0 0
1 0
4 114
5 114
6 114
7 114
8 114
9 11
10 11
11 5
16 5
17 5
18 5
19 5
20 5
21 5
28 49
29 50
30 15
31 51
X
12
0 0
1 0
4 114
5 114
6 114
7 114
8 114
9 11
10 11
11 5
16 5
17 5
18 5
19 5
20 5
21 5
28 53
29 54
30 55
31 56
X
13
0 0
1 0
6 0
7 0
8 114
9 114
10 114
11 19
12 5
13 5
14 5
15 5
17 5
18 5
19 5
20 19
21 19
27 58
28 59
29 60
30 27
31 27
X
14
0 0
1 0
2 0
3 0
4 0
5 0
6 0
7 0
8 0
15 5
16 5
19 19
20 19
21 11
26 12
27 61
28 62
29 15
30 15
X
15
0 0
1 0
2 0
3 0
6 5
7 5
8 5
9 5
10 5
11 5
12 5
13 5
14 5
16 5
17 19
18 19
19 11
27 64
28 65
31 68
X
16
0 0
1 0
2 0
3 0
6 5
7 5
8 5
9 5
10 5
11 5
12 5
13 5
14 5
16 5
17 19
18 19
19 11
29 69
30 15
31 51
X
17
0 0
1 0
2 0
3 0
6 5
7 5
8 5
9 5
10 5
11 5
12 5
13 5
14 5
16 5
17 19
18 19
19 11
26 15
27 38
29 70
30 17
31 51
X
18
0 0
1 0
2 0
3 0
4 5
5 5
8 5
11 11
15 19
17 5
18 5
25 27
26 71
27 4
29 73
30 61
31 74
X
19
0 0
1 0
2 0
3 0
6 0
7 0
8 0
11 5
12 5
13 5
14 5
15 5
16 19
17 5
18 5
26 76
27 77
28 62
30 78
31 79
X
20
0 0
1 0
4 0
5 0
6 0
7 0
8 0
9 0
10 0
12 5
13 5
14 5
15 5
16 5
17 5
18 5
26 81
27 61
28 53
29 15
31 82
X
21
0 0
1 0
4 0
5 0
6 0
7 0
8 0
9 0
10 0
11 0
12 0
13 0
14 0
15 5
19 19
21 19
25 83
27 85
28 86
29 87
30 88
X
22
0 0
1 0
4 0
5 0
6 0
7 0
8 0
9 0
10 0
11 0
12 0
13 0
14 0
15 5
19 19
21 19
25 83
27 77
28 62
29 91
30 15
31 27
X
23
0 0
1 0
2 0
3 0
4 0
5 0
6 0
7 0
8 0
9 0
10 0
11 0
12 0
13 0
14 0
15 0
16 11
19 5
20 11
21 19
22 19
23 19
24 19
25 71
26 92
28 94
29 95
30 96
31 2
X
24
0 0
1 0
2 0
3 0
4 0
5 0
6 0
7 0
8 0
12 11
13 11
14 11
16 11
19 19
22 11
23 11
24 11
26 98
27 99
28 100
29 8
30 8
31 8
X
25
0 0
1 0
2 0
3 0
4 0
5 0
6 0
7 0
8 0
9 0
10 0
11 114
12 114
13 114
14 114
15 114
20 114
21 114
22 2
26 101
27 102
29 8
30 2
31 2
X
26
0 0
1 0
2 0
3 0
4 0
5 0
6 0
7 0
8 0
9 0
10 0
11 114
12 114
13 114
14 114
15 114
20 114
21 114
23 2
24 2
25 103
27 105
X
27
0 0
1 0
2 0
3 0
4 0
5 0
6 0
7 0
8 0
9 0
10 0
11 114
12 114
13 114
14 114
15 114
20 114
21 114
23 2
25 103
27 4
28 8
29 2
30 8
31 2
X
28
0 0
1 0
2 0
3 0
4 0
5 0
6 0
7 0
8 0
9 0
10 0
11 114
12 114
13 114
14 114
15 114
20 114
21 114
25 103
27 110
28 8
29 8
30 2
X
29
0 0
1 0
2 0
3 0
4 0
5 0
6 0
7 0
8 0
9 0
10 0
11 114
12 114
13 114
14 114
16 114
17 114
18 114
19 114
20 114
21 0
23 2
25 103
26 2
27 111
28 8
29 2
30 8
X
30
0 0
1 0
2 0
3 0
4 0
5 0
6 0
7 0
8 114
9 114
10 114
11 114
12 114
13 114
14 114
15 114
16 114
17 0
18 0
19 0
20 0
21 0
22 0
23 2
24 2
26 103
27 7
28 8
29 8
30 8
X
31
0 0
1 0
2 0
3 0
4 0
5 0
6 0
7 0
8 114
9 0
10 0
11 0
12 0
13 0
14 0
15 0
16 0
17 0
18 0
19 0
20 0
21 0
22 0
23 0
24 0
25 0
28 2
31 2
X
F
0
X
1
X
2
X
3
X
4
2 11
3 11
15 11
21 0
X
5
2 11
3 11
15 11
21 0
X
6
4 11
5 11
6 11
7 11
15 11
16 11
21 36
22 113
23 113
X
7
4 11
5 11
6 11
7 11
15 11
16 11
21 36
22 113
23 113
24 113
X
8
4 11
5 11
6 11
7 11
15 11
16 11
21 36
22 113
23 113
24 113
X
9
4 11
5 11
6 11
7 11
16 11
17 11
18 11
20 36
21 113
22 11
23 11
24 11
25 11
X
10
6 11
7 11
15 5
16 11
17 11
18 11
19 11
20 11
21 11
22 11
23 11
24 11
25 11
X
11
12 5
13 5
14 5
15 5
17 11
18 11
19 11
20 11
21 11
22 11
23 11
24 11
25 11
X
12
12 5
13 5
14 5
15 5
17 11
18 11
19 11
20 11
21 11
22 11
23 11
24 11
25 11
X
13
11 5
16 5
20 11
21 11
22 11
23 11
24 11
25 11
X
14
6 5
7 5
8 5
9 5
10 5
11 5
12 5
13 5
14 5
17 5
18 5
19 113
20 113
22 11
23 11
24 11
25 11
X
15
4 5
5 5
15 5
17 113
18 113
19 113
20 113
21 36
22 113
23 113
24 113
25 11
X
16
4 5
5 5
15 5
17 113
18 113
19 113
20 113
21 36
22 113
23 113
24 113
25 11
X
17
4 5
5 5
15 5
17 113
18 113
19 113
20 113
21 36
22 113
23 113
24 113
X
18
6 5
7 5
9 5
10 5
11 5
12 5
13 5
14 5
15 113
16 113
17 113
18 113
19 113
20 113
21 113
22 113
23 113
24 113
X
19
12 36
13 36
14 36
15 113
16 113
17 113
18 113
19 113
20 113
21 113
22 113
23 113
24 113
X
20
11 36
12 113
13 113
14 113
15 113
16 113
17 11
18 11
19 36
20 113
21 113
22 113
23 113
24 113
X
21
11 36
12 113
13 113
14 113
15 113
16 11
17 11
18 11
19 11
20 113
21 113
22 36
23 36
24 36
X
22
11 36
12 113
13 113
14 113
15 113
16 11
17 11
18 11
19 11
20 113
21 113
22 36
23 36
24 36
X
23
9 11
10 11
11 11
12 11
13 11
14 11
15 11
21 36
22 113
23 113
24 113
X
24
8 11
9 11
10 11
11 11
21 113
22 113
23 113
24 113
X
25
21 0
X
26
21 0
X
27
21 0
X
28
21 0
X
29
X
30
X
31
X
F
