4 FRAMES
0 0 0 0
255 98 0 1
255 98 49 2
255 156 0 3
255 255 0 4
P
0
X
1
X
2
X
3
X
4
X
5
X
6
X
7
X
8
20 1
21 1
23 1
X
9
20 1
21 1
23 1
X
10
13 1
14 1
15 1
16 1
17 1
21 1
22 1
23 1
24 1
25 1
X
11
11 1
12 1
13 1
14 1
15 1
16 1
17 1
18 1
19 1
20 1
21 1
22 1
23 1
24 1
25 1
26 1
X
12
10 1
11 1
12 1
13 1
14 1
15 1
16 1
17 1
18 1
19 1
20 1
21 1
22 1
23 1
24 1
25 1
26 1
27 2
X
13
12 1
13 1
14 1
15 1
16 1
17 1
18 3
19 3
20 3
21 3
22 1
23 1
24 1
25 1
26 1
27 2
X
14
10 1
11 1
12 1
13 1
14 1
15 3
16 3
17 3
18 3
19 3
20 3
21 3
22 3
23 3
24 3
25 1
26 1
27 2
X
15
8 1
9 1
10 1
11 1
12 1
13 3
14 3
15 3
16 3
17 3
18 3
19 3
20 3
21 3
22 3
23 3
24 3
25 1
26 1
27 1
X
16
3 1
4 1
8 1
9 1
10 1
11 2
12 2
13 1
14 1
15 1
16 3
17 3
18 3
19 3
20 3
21 3
22 4
23 4
24 3
25 3
26 2
27 2
X
17
10 1
11 1
12 1
13 1
14 1
15 1
16 3
17 3
18 3
19 3
20 3
21 3
22 4
23 4
24 3
25 3
26 2
27 2
X
18
13 2
14 1
15 1
16 1
17 3
18 3
19 3
20 4
21 4
22 4
23 4
24 3
25 3
26 2
27 2
X
19
11 1
12 1
13 1
14 1
15 1
16 3
17 3
18 3
19 3
20 3
21 3
22 3
23 3
24 2
25 1
26 2
27 2
X
20
15 1
16 1
17 1
18 1
19 1
20 1
21 1
22 3
23 1
24 1
25 1
26 1
27 1
X
21
15 1
16 1
17 1
18 1
19 1
20 1
21 1
22 1
23 1
24 1
25 1
26 1
X
22
14 1
15 1
16 1
17 1
22 1
23 1
24 1
25 1
X
23
21 1
22 1
23 1
X
24
X
25
X
26
X
27
X
28
X
29
X
30
X
31
X
F
0
X
1
X
2
X
3
X
4
X
5
X
6
X
7
X
8
14 1
15 1
16 1
17 1
22 1
23 0
X
9
14 1
15 1
16 1
17 1
22 1
23 0
X
10
13 0
14 0
18 1
19 1
20 1
25 0
X
11
10 1
26 2
X
12
10 0
11 0
X
13
20 1
21 1
22 3
23 3
X
14
10 0
15 1
16 1
17 1
18 1
X
15
4 1
5 1
6 1
8 0
13 1
14 1
27 2
X
16
3 0
5 1
6 1
7 1
11 1
13 3
14 3
15 3
22 3
23 3
24 4
X
17
10 2
14 3
15 3
21 4
X
18
10 2
11 2
12 2
17 1
20 3
21 3
22 3
23 3
X
19
10 1
16 1
17 1
18 1
X
20
9 1
10 1
11 1
12 1
13 1
15 0
X
21
15 0
19 0
X
22
14 0
19 1
20 1
21 1
25 0
X
23
21 0
22 0
23 0
X
24
X
25
X
26
X
27
X
28
X
29
X
30
X
31
X
F
0
X
1
X
2
X
3
X
4
X
5
X
6
X
7
X
8
14 0
23 1
X
9
14 0
23 1
X
10
14 1
15 1
16 1
17 1
21 1
22 1
23 1
24 1
X
11
10 0
15 2
16 2
17 1
18 1
19 1
20 1
21 1
22 1
23 1
24 1
25 1
X
12
13 1
14 2
15 1
16 1
17 1
18 1
19 1
20 2
21 1
22 1
23 1
24 1
25 1
26 1
27 2
X
13
12 1
13 1
14 1
15 1
16 1
17 1
18 3
19 3
20 3
21 3
22 1
23 1
24 1
25 1
26 1
27 2
X
14
9 1
10 1
11 1
12 1
13 3
14 3
15 3
19 1
20 3
21 3
22 3
23 3
24 1
25 1
26 1
27 2
X
15
4 0
5 0
6 0
8 1
9 1
10 1
11 1
12 1
15 3
16 3
17 3
18 3
19 3
20 3
21 3
22 4
23 3
24 3
25 1
26 1
X
16
5 0
6 0
8 1
9 1
10 1
11 2
12 2
16 3
17 3
18 3
19 3
20 3
21 3
25 3
26 2
27 2
X
17
11 1
12 3
13 3
16 3
17 3
18 3
19 3
20 3
22 4
23 4
24 4
25 3
26 2
27 2
X
18
13 2
14 2
15 2
16 2
17 2
18 3
19 3
24 3
25 3
26 2
27 2
X
19
9 1
11 1
12 1
13 1
14 1
15 2
17 3
18 3
19 3
20 3
21 3
22 3
23 3
24 2
25 1
26 2
27 2
X
20
9 0
10 0
11 0
12 0
13 0
14 1
15 1
16 1
17 1
18 1
19 1
20 1
21 1
22 3
23 3
24 2
25 1
26 2
X
21
14 1
15 1
16 1
17 1
18 2
19 1
20 1
21 1
22 1
23 1
24 1
X
22
17 1
18 1
X
23
17 1
18 1
19 1
X
24
X
25
X
26
X
27
X
28
X
29
X
30
X
31
X
F
0
X
1
X
2
X
3
X
4
X
5
X
6
X
7
17 2
18 2
19 2
20 2
21 2
22 2
X
8
17 2
18 2
19 2
20 2
21 2
22 2
23 0
X
9
18 2
19 2
20 2
21 2
22 2
23 2
X
10
14 0
15 0
16 0
17 0
20 2
21 2
22 2
23 2
24 2
X
11
9 2
10 2
11 2
12 2
13 2
14 2
17 0
18 0
19 0
20 2
21 3
22 3
23 2
24 2
25 2
26 2
X
12
11 2
12 2
13 2
21 2
22 3
23 3
24 2
25 2
26 2
X
13
12 2
13 2
14 3
15 3
16 3
17 3
22 3
23 3
24 3
25 3
26 2
X
14
9 0
10 0
11 0
12 0
13 0
14 2
16 3
17 3
18 3
19 3
24 3
25 3
26 2
X
15
8 0
9 0
10 0
11 0
12 0
14 2
15 2
23 4
24 4
25 3
26 2
27 2
X
16
8 2
9 2
10 2
13 2
14 2
15 2
16 2
17 2
20 4
21 4
22 4
23 4
24 4
X
17
8 2
9 2
10 2
11 2
12 2
13 2
14 3
15 3
21 4
X
18
10 2
11 2
12 2
20 3
21 3
22 3
23 3
X
19
9 0
11 0
12 2
13 2
14 2
16 3
19 2
20 2
25 2
X
20
14 0
15 0
16 0
17 2
18 2
19 3
20 3
21 3
22 2
23 2
25 2
X
21
14 0
15 2
16 2
17 2
19 2
20 2
21 2
22 2
23 2
24 2
25 2
26 2
X
22
14 2
15 2
16 2
17 2
18 2
19 2
20 2
22 2
23 2
24 2
25 2
X
23
17 0
18 0
19 0
21 2
22 2
23 2
X
24
X
25
X
26
X
27
X
28
X
29
X
30
X
31
X
F
