9 FRAMES
0 0 0 0
196 20 17 1
216 67 21 2
245 127 23 3
249 168 37 4
P
0
X
1
X
2
X
3
X
4
X
5
24 1
25 1
X
6
24 1
25 1
X
7
20 1
21 1
22 1
23 1
24 1
25 1
26 1
X
8
18 1
19 1
20 2
21 2
22 2
23 1
24 1
25 1
26 1
27 1
28 1
X
9
18 1
19 1
20 2
21 2
22 2
23 1
24 1
25 1
26 1
27 1
28 1
X
10
15 1
16 1
17 1
18 2
19 2
20 2
21 2
22 2
23 2
24 2
25 2
26 2
27 1
28 1
X
11
18 1
19 2
20 2
21 2
22 3
23 3
24 3
25 3
26 3
27 2
28 2
29 1
X
12
13 1
14 1
15 1
16 1
17 1
18 2
19 2
20 2
21 2
22 3
23 3
24 4
25 4
26 4
27 3
28 3
29 3
X
13
13 1
14 1
15 1
16 1
17 1
18 2
19 2
20 2
21 2
22 3
23 3
24 4
25 4
26 4
27 3
28 3
29 3
X
14
5 1
6 1
7 1
8 1
9 1
10 1
11 1
12 1
13 1
14 1
15 1
16 2
17 2
18 2
19 2
20 2
21 2
22 3
23 4
24 4
25 4
26 4
27 4
28 4
29 4
X
15
11 1
12 1
13 2
14 2
15 2
16 2
17 2
18 2
19 3
20 3
21 3
22 3
23 3
24 3
25 3
26 4
27 4
28 4
29 4
X
16
11 1
12 1
13 2
14 2
15 2
16 2
17 2
18 2
19 3
20 3
21 3
22 3
23 3
24 3
25 3
26 4
27 4
28 4
29 4
X
17
13 1
14 1
15 2
16 2
17 2
18 2
19 2
20 2
21 2
22 3
23 3
24 4
25 4
26 4
27 4
28 4
29 3
X
18
13 1
14 1
15 1
16 1
17 1
18 2
19 2
20 2
21 2
22 2
23 3
24 3
25 3
26 3
27 3
28 3
29 2
X
19
13 1
14 1
15 1
16 1
17 1
18 2
19 2
20 2
21 2
22 2
23 3
24 3
25 3
26 3
27 3
28 3
29 2
X
20
9 1
10 1
15 1
16 1
17 1
18 1
19 1
20 2
21 2
22 2
23 3
24 3
25 3
26 3
27 2
28 2
29 1
X
21
19 1
20 2
21 2
22 1
23 1
24 1
25 1
26 1
27 1
28 1
X
22
19 1
22 1
23 1
24 1
25 1
26 1
27 1
28 1
X
23
19 1
22 1
23 1
24 1
25 1
26 1
27 1
28 1
X
24
23 1
24 1
25 1
26 1
X
25
X
26
X
27
X
28
X
29
X
30
X
31
X
F
0
X
1
X
2
X
3
X
4
X
5
20 1
21 1
24 0
25 0
X
6
20 1
21 1
24 0
25 0
X
7
19 1
23 0
24 0
25 0
26 0
X
8
16 1
17 1
20 1
21 1
22 1
27 0
28 0
X
9
16 1
17 1
20 1
21 1
22 1
27 0
28 0
X
10
16 2
17 2
19 1
X
11
16 1
17 1
20 3
21 3
X
12
20 3
21 3
24 3
25 3
26 3
29 2
X
13
20 3
21 3
24 3
25 3
26 3
29 2
X
14
15 2
20 3
21 3
23 3
29 2
X
15
8 1
9 1
10 1
18 3
22 4
23 4
24 4
25 4
X
16
8 1
9 1
10 1
18 3
22 4
23 4
24 4
25 4
X
17
12 1
15 1
19 3
20 3
21 3
23 4
29 4
X
18
12 1
16 2
17 2
22 3
24 4
25 4
26 4
27 4
28 4
X
19
12 1
16 2
17 2
22 3
24 4
25 4
26 4
27 4
28 4
X
20
9 0
10 0
13 1
14 1
16 2
17 2
18 2
19 2
20 3
21 3
22 3
X
21
15 1
16 1
17 1
18 1
19 2
22 3
23 2
24 2
25 2
26 2
29 1
X
22
22 0
X
23
22 0
X
24
23 0
26 0
X
25
23 1
X
26
23 1
X
27
X
28
X
29
X
30
X
31
X
F
0
X
1
X
2
X
3
X
4
X
5
20 0
21 0
X
6
20 0
21 0
X
7
20 1
21 1
22 1
X
8
13 1
14 1
18 1
19 1
23 1
24 1
25 1
X
9
13 1
14 1
18 1
19 1
23 1
24 1
25 1
X
10
15 1
16 1
17 1
18 2
19 2
20 2
21 2
22 2
23 2
24 2
25 2
26 1
27 1
28 1
X
11
13 1
14 1
15 1
18 1
19 2
20 2
21 2
22 2
23 2
24 3
25 3
26 3
27 3
28 3
29 1
X
12
7 1
9 1
10 1
11 1
12 1
13 1
14 1
15 1
16 1
17 1
18 1
19 2
20 2
21 2
22 3
23 2
27 3
28 3
29 3
X
13
7 1
9 1
10 1
11 1
12 1
13 1
14 1
15 1
16 1
17 1
18 1
19 2
20 2
21 2
22 3
23 2
27 3
28 3
29 3
X
14
8 1
9 1
10 1
11 2
12 2
13 2
14 2
16 2
17 2
18 2
19 2
20 2
21 2
22 3
24 4
25 4
26 4
27 4
28 4
29 4
X
15
8 0
11 1
12 2
13 2
14 2
15 2
16 2
17 2
18 2
19 2
20 3
21 3
22 3
26 4
27 4
28 4
29 4
X
16
8 0
11 1
12 2
13 2
14 2
15 2
16 2
17 2
18 2
19 2
20 3
21 3
22 3
26 4
27 4
28 4
29 4
X
17
11 1
13 1
14 1
15 2
16 2
17 2
18 2
22 3
23 3
24 4
25 4
26 4
27 4
28 4
X
18
12 0
13 1
14 1
15 1
16 1
17 1
18 1
19 2
20 2
21 2
23 3
24 3
25 3
26 3
27 3
28 3
29 3
X
19
12 0
13 1
14 1
15 1
16 1
17 1
18 1
19 2
20 2
21 2
23 3
24 3
25 3
26 3
27 3
28 3
29 3
X
20
12 1
15 1
16 1
17 1
23 3
24 3
25 3
26 2
27 2
28 2
29 2
X
21
13 1
14 1
18 2
20 1
21 1
22 1
27 1
28 1
29 0
X
22
16 1
17 1
18 1
19 1
20 1
21 1
23 1
24 1
25 1
26 1
X
23
16 1
17 1
18 1
19 1
20 1
21 1
23 1
24 1
25 1
26 1
X
24
22 1
23 1
24 1
25 1
X
25
22 1
23 0
X
26
22 1
23 0
X
27
19 1
X
28
X
29
X
30
X
31
X
F
0
X
1
X
2
X
3
X
4
20 1
21 1
22 1
X
5
20 1
21 1
22 1
23 1
X
6
20 1
21 1
22 1
23 1
X
7
23 1
X
8
13 0
14 0
16 1
17 1
20 2
21 2
22 2
26 1
X
9
13 0
14 0
16 1
17 1
20 2
21 2
22 2
26 1
X
10
13 1
14 1
16 2
17 2
X
11
16 2
17 2
18 2
20 3
21 3
22 3
X
12
7 0
9 0
10 0
11 0
15 2
16 3
17 3
18 2
20 3
21 3
23 3
24 3
25 3
26 4
27 4
28 4
29 4
X
13
7 0
9 0
10 0
11 0
15 2
16 3
17 3
18 2
20 3
21 3
23 3
24 3
25 3
26 4
27 4
28 4
29 4
X
14
8 0
9 0
10 0
11 1
12 1
15 3
16 3
17 3
18 3
19 3
20 3
21 3
22 4
23 4
X
15
8 1
9 1
10 1
12 1
18 3
19 3
23 4
24 4
25 4
X
16
8 1
9 1
10 1
12 1
18 3
19 3
23 4
24 4
25 4
X
17
5 1
6 1
7 1
8 1
9 1
10 1
12 1
15 1
19 3
20 3
21 3
24 3
25 3
27 3
28 3
29 3
X
18
18 2
20 3
21 3
22 2
23 2
24 2
25 2
29 1
X
19
18 2
20 3
21 3
22 2
23 2
24 2
25 2
29 1
X
20
12 0
13 1
14 1
18 1
19 2
20 2
21 2
22 2
23 2
24 2
25 2
27 1
28 1
29 0
X
21
15 1
16 1
17 1
18 1
19 2
20 2
21 2
23 1
24 1
25 1
26 1
X
22
15 1
16 0
17 0
18 0
19 0
20 0
21 0
22 1
27 1
28 1
X
23
15 1
16 0
17 0
18 0
19 0
20 0
21 0
22 1
27 1
28 1
X
24
22 0
26 1
X
25
19 1
22 0
X
26
19 1
22 0
X
27
19 0
20 1
21 1
X
28
X
29
X
30
X
31
X
F
0
X
1
X
2
X
3
X
4
20 0
21 0
22 0
X
5
20 0
21 0
22 0
X
6
20 0
21 0
22 0
X
7
15 1
16 1
17 1
19 1
20 1
21 1
22 1
24 1
25 1
X
8
15 1
18 1
19 1
20 1
21 1
23 2
24 1
25 1
27 1
28 1
X
9
15 1
18 1
19 1
20 1
21 1
23 2
24 1
25 1
27 1
28 1
X
10
15 1
16 1
17 1
18 2
19 2
20 2
21 2
22 2
23 2
24 2
25 2
26 2
27 1
28 1
X
11
12 1
13 1
14 1
15 1
19 2
23 3
24 3
25 3
26 3
27 2
28 2
29 2
X
12
13 1
14 1
16 2
17 2
19 2
20 2
21 2
22 3
24 4
25 4
29 3
X
13
13 1
14 1
16 2
17 2
19 2
20 2
21 2
22 3
24 4
25 4
29 3
X
14
8 1
9 1
10 1
13 2
14 2
15 2
18 2
19 2
20 2
21 2
22 3
23 3
24 4
25 4
26 4
27 4
28 4
29 4
X
15
5 1
6 1
7 1
11 1
12 2
13 2
14 2
15 2
16 2
17 2
20 3
21 3
22 3
26 4
27 4
28 4
29 4
X
16
5 1
6 1
7 1
11 1
12 2
13 2
14 2
15 2
16 2
17 2
20 3
21 3
22 3
26 4
27 4
28 4
29 4
X
17
5 0
6 0
11 1
13 2
14 2
15 2
16 2
17 2
18 2
22 3
23 3
24 4
25 4
26 4
27 4
28 4
29 4
X
18
11 1
12 1
13 1
14 1
15 2
16 2
17 2
19 2
20 2
21 2
23 3
24 3
25 3
26 3
27 3
28 3
X
19
11 1
12 1
13 1
14 1
15 2
16 2
17 2
19 2
20 2
21 2
23 3
24 3
25 3
26 3
27 3
28 3
X
20
12 1
15 1
16 1
17 1
18 2
26 2
27 2
28 2
29 1
X
21
12 1
13 1
14 1
19 1
22 2
23 2
24 2
25 2
26 2
27 1
28 1
29 1
X
22
15 0
18 1
19 1
20 1
21 1
23 1
24 2
25 2
26 1
X
23
15 0
18 1
19 1
20 1
21 1
23 1
24 2
25 2
26 1
X
24
20 1
21 1
22 1
23 1
24 1
25 1
X
25
19 0
24 1
25 1
X
26
19 0
24 1
25 1
X
27
20 0
21 0
X
28
X
29
X
30
X
31
X
F
0
X
1
X
2
X
3
X
4
X
5
16 1
17 1
23 1
X
6
16 1
17 1
23 1
X
7
15 0
16 0
17 0
23 1
X
8
13 1
14 1
16 1
17 1
22 1
23 1
26 1
27 0
28 0
X
9
13 1
14 1
16 1
17 1
22 1
23 1
26 1
27 0
28 0
X
10
11 1
18 1
19 1
22 1
23 1
X
11
16 1
17 1
18 1
19 1
20 2
21 2
22 2
23 2
24 2
25 2
29 1
X
12
5 1
6 1
7 1
8 1
12 1
15 2
18 2
19 1
20 1
21 1
22 2
23 3
24 3
25 3
26 3
27 4
28 4
29 1
X
13
5 1
6 1
7 1
8 1
12 1
15 2
18 2
19 1
20 1
21 1
22 2
23 3
24 3
25 3
26 3
27 4
28 4
29 1
X
14
4 1
5 1
6 1
7 1
11 1
12 1
13 1
14 1
15 1
16 2
17 2
22 2
23 2
24 3
25 3
X
15
8 1
9 1
10 1
12 1
13 1
14 1
15 1
16 1
17 1
18 2
19 2
23 3
24 3
25 3
26 3
X
16
8 1
9 1
10 1
12 1
13 1
14 1
15 1
16 1
17 1
18 2
19 2
23 3
24 3
25 3
26 3
X
17
8 1
9 1
10 1
12 1
13 1
14 1
15 1
19 2
20 3
21 3
29 2
X
18
9 1
10 1
15 1
18 2
22 2
27 2
28 2
29 1
X
19
9 1
10 1
15 1
18 2
22 2
27 2
28 2
29 1
X
20
13 1
14 1
18 1
19 1
20 2
21 2
22 2
23 2
24 3
25 3
27 1
28 1
X
21
12 0
15 1
16 1
17 1
18 1
20 1
21 1
24 1
25 1
26 1
29 0
X
22
15 1
16 1
17 1
18 0
22 1
24 1
25 1
27 1
28 1
X
23
15 1
16 1
17 1
18 0
22 1
24 1
25 1
27 1
28 1
X
24
18 1
19 1
26 1
X
25
18 1
19 1
20 1
21 1
23 1
X
26
18 1
19 1
20 1
21 1
23 1
X
27
X
28
X
29
X
30
X
31
X
F
0
X
1
X
2
X
3
X
4
X
5
16 0
17 0
23 0
X
6
16 0
17 0
23 0
X
7
15 1
23 0
X
8
13 0
14 0
15 1
18 1
19 1
20 1
21 1
24 1
25 1
X
9
13 0
14 0
15 1
18 1
19 1
20 1
21 1
24 1
25 1
X
10
11 0
16 1
17 1
19 2
20 1
21 1
24 1
25 1
26 1
27 1
28 1
X
11
11 1
12 1
13 1
14 1
15 1
19 2
26 2
27 2
28 2
X
12
9 1
10 1
11 1
13 1
14 1
16 2
17 2
19 2
20 2
21 2
22 3
24 2
25 2
27 3
28 3
29 2
X
13
9 1
10 1
11 1
13 1
14 1
16 2
17 2
19 2
20 2
21 2
22 3
24 2
25 2
27 3
28 3
29 2
X
14
3 1
8 1
9 1
10 1
12 2
13 2
14 2
15 2
18 2
19 3
20 3
21 3
22 3
23 3
26 3
27 4
28 4
29 3
X
15
3 1
4 1
5 1
6 1
7 1
11 1
12 2
13 2
14 2
15 2
16 3
17 3
18 3
19 3
20 3
21 3
22 4
23 4
24 4
25 4
26 4
27 4
28 4
29 4
X
16
3 1
4 1
5 1
6 1
7 1
11 1
12 2
13 2
14 2
15 2
16 3
17 3
18 3
19 3
20 3
21 3
22 4
23 4
24 4
25 4
26 4
27 4
28 4
29 4
X
17
7 1
11 1
13 2
14 2
15 2
16 2
17 2
18 2
19 3
22 3
23 4
24 4
25 4
26 4
27 4
28 4
29 4
X
18
11 1
12 1
13 1
14 1
15 2
16 2
17 2
19 2
20 3
21 3
22 3
23 3
24 4
25 4
26 4
27 4
28 4
29 4
X
19
11 1
12 1
13 1
14 1
15 2
16 2
17 2
19 2
20 3
21 3
22 3
23 3
24 4
25 4
26 4
27 4
28 4
29 4
X
20
11 1
15 2
16 2
17 2
18 2
19 2
22 3
23 3
26 3
27 3
28 3
29 1
X
21
13 1
14 1
15 2
16 2
17 2
18 2
19 2
20 2
21 2
22 2
23 3
24 2
25 2
26 2
27 1
28 1
X
22
12 1
13 1
14 1
18 1
19 1
20 1
21 1
22 2
23 2
24 2
25 2
26 1
X
23
12 1
13 1
14 1
18 1
19 1
20 1
21 1
22 2
23 2
24 2
25 2
26 1
X
24
18 0
20 1
21 1
22 1
23 1
24 1
25 1
X
25
18 0
24 1
25 1
X
26
18 0
24 1
25 1
X
27
X
28
X
29
X
30
X
31
X
F
0
X
1
X
2
X
3
X
4
X
5
15 1
24 1
25 1
X
6
15 1
24 1
25 1
X
7
16 1
17 1
23 1
24 1
25 1
26 1
X
8
15 0
16 1
17 1
22 1
23 1
26 1
27 1
28 1
X
9
15 0
16 1
17 1
22 1
23 1
26 1
27 1
28 1
X
10
18 1
19 1
22 2
23 2
24 2
25 2
26 2
X
11
2 1
3 1
4 1
16 1
17 1
18 2
20 2
21 2
22 2
23 3
24 3
25 3
29 1
X
12
4 1
5 1
6 1
7 1
8 1
12 1
15 2
18 2
23 3
24 3
25 3
26 3
X
13
4 1
5 1
6 1
7 1
8 1
12 1
15 2
18 2
23 3
24 3
25 3
26 3
X
14
3 0
5 1
6 1
7 1
11 1
12 1
13 1
14 1
15 1
16 1
17 1
18 1
19 2
20 2
21 2
22 2
23 2
24 3
25 3
26 4
29 2
X
15
3 0
4 0
5 0
6 0
8 1
9 1
10 1
12 1
13 1
14 1
15 1
16 1
17 1
18 2
19 2
20 2
21 2
22 3
23 3
24 3
25 3
X
16
3 0
4 0
5 0
6 0
8 1
9 1
10 1
12 1
13 1
14 1
15 1
16 1
17 1
18 2
19 2
20 2
21 2
22 3
23 3
24 3
25 3
X
17
8 1
9 1
10 1
12 1
18 3
20 3
21 3
X
18
8 1
9 1
10 1
18 2
19 3
24 3
25 3
29 2
X
19
8 1
9 1
10 1
18 2
19 3
24 3
25 3
29 2
X
20
12 1
13 1
14 1
15 1
20 2
21 2
24 3
25 3
27 2
28 2
29 2
X
21
8 1
15 1
16 1
17 1
23 2
X
22
12 0
13 0
14 0
15 1
16 1
17 1
27 1
28 1
X
23
12 0
13 0
14 0
15 1
16 1
17 1
27 1
28 1
X
24
16 1
17 1
18 1
19 1
26 1
X
25
22 1
X
26
22 1
X
27
18 1
X
28
X
29
X
30
X
31
X
F
0
X
1
X
2
X
3
X
4
X
5
15 0
19 1
20 1
21 1
24 0
25 0
X
6
15 0
19 1
20 1
21 1
24 0
25 0
X
7
16 0
17 0
19 1
20 1
21 1
22 1
X
8
12 1
16 0
17 0
18 1
19 1
20 1
21 1
24 1
25 1
X
9
12 1
16 0
17 0
18 1
19 1
20 1
21 1
24 1
25 1
X
10
12 1
13 1
14 1
15 1
16 1
17 1
20 1
21 1
22 1
26 1
27 1
28 1
X
11
2 0
3 0
4 0
13 1
14 1
15 1
19 2
23 2
26 3
27 2
28 2
X
12
4 0
5 0
6 0
7 0
8 0
11 1
13 1
14 1
15 1
16 2
17 2
19 2
20 2
21 2
22 2
27 4
28 4
29 3
X
13
4 0
5 0
6 0
7 0
8 0
11 1
13 1
14 1
15 1
16 2
17 2
19 2
20 2
21 2
22 2
27 4
28 4
29 3
X
14
4 1
7 0
8 1
9 1
10 1
15 2
16 2
17 2
18 3
19 3
20 3
21 3
22 3
23 3
24 4
25 4
27 4
28 4
29 4
X
15
5 1
6 1
7 1
11 1
12 2
13 2
14 2
15 2
16 2
17 2
24 4
25 4
26 4
27 4
28 4
29 4
X
16
5 1
6 1
7 1
11 1
12 2
13 2
14 2
15 2
16 2
17 2
24 4
25 4
26 4
27 4
28 4
29 4
X
17
11 1
13 1
14 1
15 2
16 2
17 2
18 2
19 2
20 2
21 2
22 2
23 3
24 3
25 3
26 4
27 4
28 4
29 3
X
18
8 0
11 1
12 1
13 1
14 1
15 1
16 2
17 2
19 2
20 2
21 2
22 3
23 3
26 3
27 3
28 3
29 1
X
19
8 0
11 1
12 1
13 1
14 1
15 1
16 2
17 2
19 2
20 2
21 2
22 3
23 3
26 3
27 3
28 3
29 1
X
20
15 2
16 2
17 2
18 2
19 2
22 2
23 2
24 2
25 2
26 2
29 1
X
21
8 0
9 1
10 1
11 1
12 1
13 1
14 1
18 2
19 2
20 2
21 2
22 2
24 2
25 2
26 1
27 1
28 1
X
22
13 1
14 1
18 1
19 1
20 1
21 1
22 1
23 1
24 1
25 1
26 1
27 0
28 0
X
23
13 1
14 1
18 1
19 1
20 1
21 1
22 1
23 1
24 1
25 1
26 1
27 0
28 0
X
24
13 1
14 1
16 0
17 0
20 1
21 1
22 1
23 1
26 0
X
25
22 0
X
26
22 0
X
27
12 1
16 1
17 1
18 0
X
28
X
29
X
30
X
31
X
F
