8 FRAMES
56 56 56 0
41 41 41 1
45 45 45 2
50 50 50 3
47 47 47 4
76 76 76 5
138 138 138 6
131 131 131 7
53 53 53 8
109 109 109 9
81 81 81 10
113 113 113 11
89 89 89 12
97 97 97 13
93 93 93 14
69 69 69 15
142 142 142 16
121 121 121 17
170 170 170 18
197 197 197 19
222 222 222 20
224 224 224 21
217 217 217 22
127 127 127 23
203 203 203 24
212 212 212 25
62 62 62 26
86 86 86 27
37 37 37 28
189 0 0 29
189 121 0 30
48 48 48 31
0 0 0 32
236 236 236 33
154 0 0 34
189 189 0 35
17 17 17 36
182 182 182 37
229 229 229 38
59 59 59 39
140 140 140 40
242 242 242 41
66 66 66 42
193 125 4 43
148 148 148 44
194 194 5 45
101 101 101 46
34 34 34 47
145 145 145 48
166 166 166 49
105 105 105 50
163 163 163 51
168 168 168 52
119 119 119 53
134 134 134 54
233 233 233 55
152 152 152 56
127 1 1 57
126 80 0 58
102 0 0 59
126 126 0 60
134 89 9 61
134 134 9 62
59 1 1 63
63 40 0 64
63 63 0 65
76 53 13 66
76 76 13 67
252 0 0 68
252 161 0 69
205 0 0 70
252 252 0 71
P
0
0 0
1 0
2 0
3 0
4 1
5 1
6 2
7 2
8 0
9 0
10 1
11 1
12 3
13 3
14 4
15 4
16 4
17 4
18 5
19 5
20 5
21 5
22 5
23 5
24 6
25 6
26 6
27 6
28 6
29 6
30 7
31 7
X
1
0 0
1 0
2 0
3 0
4 1
5 1
6 2
7 2
8 0
9 0
10 1
11 1
12 3
13 3
14 4
15 4
16 4
17 4
18 5
19 5
20 5
21 5
22 5
23 5
24 6
25 6
26 6
27 6
28 6
29 6
30 7
31 7
X
2
0 8
1 8
2 9
3 9
4 10
5 10
6 10
7 10
8 11
9 11
10 12
11 12
12 13
13 13
14 14
15 14
16 15
17 15
18 16
19 16
20 17
21 17
22 18
23 18
24 19
25 19
26 20
27 20
28 21
29 21
30 22
31 22
X
3
0 8
1 8
2 9
3 9
4 10
5 10
6 10
7 10
8 11
9 11
10 12
11 12
12 13
13 13
14 14
15 14
16 15
17 15
18 16
19 16
20 17
21 17
22 18
23 18
24 19
25 19
26 20
27 20
28 21
29 21
30 22
31 22
X
4
0 8
1 8
2 12
3 12
4 17
5 17
6 14
7 14
8 17
9 17
10 23
11 23
12 23
13 23
14 14
15 14
16 17
17 17
18 19
19 19
20 24
21 24
22 25
23 25
24 21
25 21
26 26
27 26
28 26
29 26
30 3
31 3
X
5
0 8
1 8
2 12
3 12
4 17
5 17
6 14
7 14
8 17
9 17
10 23
11 23
12 23
13 23
14 14
15 14
16 17
17 17
18 19
19 19
20 24
21 24
22 25
23 25
24 21
25 21
26 26
27 26
28 26
29 26
30 3
31 3
X
6
0 3
1 3
2 13
3 13
4 27
5 27
6 11
7 11
8 5
9 5
10 1
11 1
12 1
13 1
14 28
15 28
16 7
17 7
18 22
19 22
20 22
21 22
22 20
23 20
24 26
25 26
26 29
27 29
28 30
29 30
30 29
31 29
X
7
0 3
1 3
2 13
3 13
4 27
5 27
6 11
7 11
8 5
9 5
10 1
11 1
12 1
13 1
14 28
15 28
16 7
17 7
18 22
19 22
20 22
21 22
22 20
23 20
24 26
25 26
26 29
27 29
28 30
29 30
30 29
31 29
X
8
0 31
1 31
2 15
3 15
4 13
5 13
6 9
7 9
8 8
9 8
14 11
15 11
16 14
17 14
18 22
19 22
20 33
21 33
22 26
23 26
24 34
25 34
26 30
27 30
28 35
29 35
30 30
31 30
X
9
0 31
1 31
2 15
3 15
4 13
5 13
6 9
7 9
8 8
9 8
14 11
15 11
16 14
17 14
18 22
19 22
20 33
21 33
22 26
23 26
24 34
25 34
26 30
27 30
28 35
29 35
30 30
31 30
X
10
0 4
1 4
2 27
3 27
4 16
5 16
6 28
7 28
12 36
13 36
14 37
15 37
16 16
17 16
18 38
19 38
20 21
21 21
22 39
23 39
24 34
25 34
26 30
27 30
28 35
29 35
30 29
31 29
X
11
0 4
1 4
2 27
3 27
4 16
5 16
6 28
7 28
12 36
13 36
14 37
15 37
16 16
17 16
18 38
19 38
20 21
21 21
22 39
23 39
24 34
25 34
26 30
27 30
28 35
29 35
30 29
31 29
X
12
0 2
1 2
2 11
3 11
4 16
5 16
6 3
7 3
12 36
13 36
14 18
15 18
16 40
17 40
18 41
19 41
20 42
21 42
22 29
23 29
24 30
25 30
26 30
27 30
28 35
29 35
30 43
31 43
X
13
0 2
1 2
2 11
3 11
4 16
5 16
6 3
7 3
12 36
13 36
14 18
15 18
16 40
17 40
18 41
19 41
20 42
21 42
22 29
23 29
24 30
25 30
26 30
27 30
28 35
29 35
30 43
31 43
X
14
0 2
1 2
2 11
3 11
4 17
5 17
6 3
7 3
12 36
13 36
14 18
15 18
16 44
17 44
18 41
19 41
20 42
21 42
22 34
23 34
24 34
25 34
26 29
27 29
28 30
29 30
30 45
31 45
X
15
0 2
1 2
2 11
3 11
4 17
5 17
6 3
7 3
12 36
13 36
14 18
15 18
16 44
17 44
18 41
19 41
20 42
21 42
22 34
23 34
24 34
25 34
26 29
27 29
28 30
29 30
30 45
31 45
X
16
0 28
1 28
2 5
3 5
4 46
5 46
6 47
7 47
12 36
13 36
14 18
15 18
16 48
17 48
18 41
19 41
20 26
21 26
22 29
23 29
24 30
25 30
26 35
27 35
28 30
29 30
30 29
31 29
X
17
0 28
1 28
2 5
3 5
4 46
5 46
6 47
7 47
12 36
13 36
14 18
15 18
16 48
17 48
18 41
19 41
20 26
21 26
22 29
23 29
24 30
25 30
26 35
27 35
28 30
29 30
30 29
31 29
X
18
0 39
1 39
2 13
3 13
4 10
5 10
6 1
7 1
12 36
13 36
14 49
15 49
16 48
17 48
18 41
19 41
20 42
21 42
22 34
23 34
24 29
25 29
26 30
27 30
28 35
29 35
30 43
31 43
X
19
0 39
1 39
2 13
3 13
4 10
5 10
6 1
7 1
12 36
13 36
14 49
15 49
16 48
17 48
18 41
19 41
20 42
21 42
22 34
23 34
24 29
25 29
26 30
27 30
28 35
29 35
30 43
31 43
X
20
0 0
1 0
2 46
3 46
4 7
5 7
6 47
7 47
12 36
13 36
14 49
15 49
16 16
17 16
18 38
19 38
20 21
21 21
22 26
23 26
24 34
25 34
26 29
27 29
28 35
29 35
30 45
31 45
X
21
0 0
1 0
2 46
3 46
4 7
5 7
6 47
7 47
12 36
13 36
14 49
15 49
16 16
17 16
18 38
19 38
20 21
21 21
22 26
23 26
24 34
25 34
26 29
27 29
28 35
29 35
30 45
31 45
X
22
0 8
1 8
2 13
3 13
4 23
5 23
6 42
7 42
8 0
9 0
14 50
15 50
16 5
17 5
18 22
19 22
20 33
21 33
22 26
23 26
24 34
25 34
26 29
27 29
28 30
29 30
30 43
31 43
X
23
0 8
1 8
2 13
3 13
4 23
5 23
6 42
7 42
8 0
9 0
14 50
15 50
16 5
17 5
18 22
19 22
20 33
21 33
22 26
23 26
24 34
25 34
26 29
27 29
28 30
29 30
30 43
31 43
X
24
0 2
1 2
2 27
3 27
4 14
5 14
6 50
7 50
8 10
9 10
10 51
11 51
12 49
13 49
14 52
15 52
16 53
17 53
18 22
19 22
20 25
21 25
22 20
23 20
24 42
25 42
26 29
27 29
28 30
29 30
30 29
31 29
X
25
0 2
1 2
2 27
3 27
4 14
5 14
6 50
7 50
8 10
9 10
10 51
11 51
12 49
13 49
14 52
15 52
16 53
17 53
18 22
19 22
20 25
21 25
22 20
23 20
24 42
25 42
26 29
27 29
28 30
29 30
30 29
31 29
X
26
0 28
1 28
2 15
3 15
4 17
5 17
6 6
7 6
8 54
9 54
10 50
11 50
12 54
13 54
14 12
15 12
16 14
17 14
18 19
19 19
20 19
21 19
22 25
23 25
24 33
25 33
26 33
27 33
28 33
29 33
30 55
31 55
X
27
0 28
1 28
2 15
3 15
4 17
5 17
6 6
7 6
8 54
9 54
10 50
11 50
12 54
13 54
14 12
15 12
16 14
17 14
18 19
19 19
20 19
21 19
22 25
23 25
24 33
25 33
26 33
27 33
28 33
29 33
30 55
31 55
X
28
0 8
1 8
2 27
3 27
4 10
5 10
6 50
7 50
8 11
9 11
10 0
11 0
12 13
13 13
14 10
15 10
16 17
17 17
18 16
19 16
20 17
21 17
22 49
23 49
24 18
25 18
26 51
27 51
28 18
29 18
30 56
31 56
X
29
0 8
1 8
2 27
3 27
4 10
5 10
6 50
7 50
8 11
9 11
10 0
11 0
12 13
13 13
14 10
15 10
16 17
17 17
18 16
19 16
20 17
21 17
22 49
23 49
24 18
25 18
26 51
27 51
28 18
29 18
30 56
31 56
X
30
0 3
1 3
2 3
3 3
4 31
5 31
6 1
7 1
8 28
9 28
10 28
11 28
12 47
13 47
14 39
15 39
16 39
17 39
18 26
19 26
20 31
21 31
22 3
23 3
24 2
25 2
26 3
27 3
28 2
29 2
30 3
31 3
X
31
0 3
1 3
2 3
3 3
4 31
5 31
6 1
7 1
8 28
9 28
10 28
11 28
12 47
13 47
14 39
15 39
16 39
17 39
18 26
19 26
20 31
21 31
22 3
23 3
24 2
25 2
26 3
27 3
28 2
29 2
30 3
31 3
X
F
0
X
1
X
2
X
3
X
4
X
5
X
6
26 57
27 57
28 58
29 58
30 57
31 57
X
7
26 57
27 57
28 58
29 58
30 57
31 57
X
8
24 59
25 59
26 58
27 58
28 60
29 60
30 58
31 58
X
9
24 59
25 59
26 58
27 58
28 60
29 60
30 58
31 58
X
10
24 59
25 59
26 58
27 58
28 60
29 60
30 57
31 57
X
11
24 59
25 59
26 58
27 58
28 60
29 60
30 57
31 57
X
12
22 57
23 57
24 58
25 58
26 58
27 58
28 60
29 60
30 61
31 61
X
13
22 57
23 57
24 58
25 58
26 58
27 58
28 60
29 60
30 61
31 61
X
14
22 59
23 59
24 59
25 59
26 57
27 57
28 58
29 58
30 62
31 62
X
15
22 59
23 59
24 59
25 59
26 57
27 57
28 58
29 58
30 62
31 62
X
16
22 57
23 57
24 58
25 58
26 60
27 60
28 58
29 58
30 57
31 57
X
17
22 57
23 57
24 58
25 58
26 60
27 60
28 58
29 58
30 57
31 57
X
18
22 59
23 59
24 57
25 57
26 58
27 58
28 60
29 60
30 61
31 61
X
19
22 59
23 59
24 57
25 57
26 58
27 58
28 60
29 60
30 61
31 61
X
20
24 59
25 59
26 57
27 57
28 60
29 60
30 62
31 62
X
21
24 59
25 59
26 57
27 57
28 60
29 60
30 62
31 62
X
22
24 59
25 59
26 57
27 57
28 58
29 58
30 61
31 61
X
23
24 59
25 59
26 57
27 57
28 58
29 58
30 61
31 61
X
24
26 57
27 57
28 58
29 58
30 57
31 57
X
25
26 57
27 57
28 58
29 58
30 57
31 57
X
26
X
27
X
28
X
29
X
30
X
31
X
F
0
0 0
1 0
2 0
3 0
4 1
5 1
6 2
7 2
8 0
9 0
10 1
11 1
12 3
13 3
14 4
15 4
16 4
17 4
18 5
19 5
20 5
21 5
22 5
23 5
24 6
25 6
26 6
27 6
28 6
29 6
30 7
31 7
X
1
0 0
1 0
2 0
3 0
4 1
5 1
6 2
7 2
8 0
9 0
10 1
11 1
12 3
13 3
14 4
15 4
16 4
17 4
18 5
19 5
20 5
21 5
22 5
23 5
24 6
25 6
26 6
27 6
28 6
29 6
30 7
31 7
X
2
0 8
1 8
2 9
3 9
4 10
5 10
6 10
7 10
8 11
9 11
10 12
11 12
12 13
13 13
14 14
15 14
16 15
17 15
18 16
19 16
20 17
21 17
22 18
23 18
24 19
25 19
26 20
27 20
28 21
29 21
30 22
31 22
X
3
0 8
1 8
2 9
3 9
4 10
5 10
6 10
7 10
8 11
9 11
10 12
11 12
12 13
13 13
14 14
15 14
16 15
17 15
18 16
19 16
20 17
21 17
22 18
23 18
24 19
25 19
26 20
27 20
28 21
29 21
30 22
31 22
X
4
0 8
1 8
2 12
3 12
4 17
5 17
6 14
7 14
8 17
9 17
10 23
11 23
12 23
13 23
14 14
15 14
16 17
17 17
18 19
19 19
20 24
21 24
22 25
23 25
24 21
25 21
26 26
27 26
28 26
29 26
30 3
31 3
X
5
0 8
1 8
2 12
3 12
4 17
5 17
6 14
7 14
8 17
9 17
10 23
11 23
12 23
13 23
14 14
15 14
16 17
17 17
18 19
19 19
20 24
21 24
22 25
23 25
24 21
25 21
26 26
27 26
28 26
29 26
30 3
31 3
X
6
0 3
1 3
2 13
3 13
4 27
5 27
6 11
7 11
8 5
9 5
10 1
11 1
12 1
13 1
14 28
15 28
16 7
17 7
18 22
19 22
20 22
21 22
22 20
23 20
24 26
25 26
26 63
27 63
28 64
29 64
30 63
31 63
X
7
0 3
1 3
2 13
3 13
4 27
5 27
6 11
7 11
8 5
9 5
10 1
11 1
12 1
13 1
14 28
15 28
16 7
17 7
18 22
19 22
20 22
21 22
22 20
23 20
24 26
25 26
26 63
27 63
28 64
29 64
30 63
31 63
X
8
0 31
1 31
2 15
3 15
4 13
5 13
6 9
7 9
8 8
9 8
14 11
15 11
16 14
17 14
18 22
19 22
20 33
21 33
22 26
23 26
24 63
25 63
26 64
27 64
28 65
29 65
30 64
31 64
X
9
0 31
1 31
2 15
3 15
4 13
5 13
6 9
7 9
8 8
9 8
14 11
15 11
16 14
17 14
18 22
19 22
20 33
21 33
22 26
23 26
24 63
25 63
26 64
27 64
28 65
29 65
30 64
31 64
X
10
0 4
1 4
2 27
3 27
4 16
5 16
6 28
7 28
12 36
13 36
14 37
15 37
16 16
17 16
18 38
19 38
20 21
21 21
22 39
23 39
24 63
25 63
26 64
27 64
28 65
29 65
30 63
31 63
X
11
0 4
1 4
2 27
3 27
4 16
5 16
6 28
7 28
12 36
13 36
14 37
15 37
16 16
17 16
18 38
19 38
20 21
21 21
22 39
23 39
24 63
25 63
26 64
27 64
28 65
29 65
30 63
31 63
X
12
0 2
1 2
2 11
3 11
4 16
5 16
6 3
7 3
12 36
13 36
14 18
15 18
16 40
17 40
18 41
19 41
20 42
21 42
22 63
23 63
24 64
25 64
26 64
27 64
28 65
29 65
30 66
31 66
X
13
0 2
1 2
2 11
3 11
4 16
5 16
6 3
7 3
12 36
13 36
14 18
15 18
16 40
17 40
18 41
19 41
20 42
21 42
22 63
23 63
24 64
25 64
26 64
27 64
28 65
29 65
30 66
31 66
X
14
0 2
1 2
2 11
3 11
4 17
5 17
6 3
7 3
12 36
13 36
14 18
15 18
16 44
17 44
18 41
19 41
20 42
21 42
22 63
23 63
24 63
25 63
26 63
27 63
28 64
29 64
30 67
31 67
X
15
0 2
1 2
2 11
3 11
4 17
5 17
6 3
7 3
12 36
13 36
14 18
15 18
16 44
17 44
18 41
19 41
20 42
21 42
22 63
23 63
24 63
25 63
26 63
27 63
28 64
29 64
30 67
31 67
X
16
0 28
1 28
2 5
3 5
4 46
5 46
6 47
7 47
12 36
13 36
14 18
15 18
16 48
17 48
18 41
19 41
20 26
21 26
22 63
23 63
24 64
25 64
26 65
27 65
28 64
29 64
30 63
31 63
X
17
0 28
1 28
2 5
3 5
4 46
5 46
6 47
7 47
12 36
13 36
14 18
15 18
16 48
17 48
18 41
19 41
20 26
21 26
22 63
23 63
24 64
25 64
26 65
27 65
28 64
29 64
30 63
31 63
X
18
0 39
1 39
2 13
3 13
4 10
5 10
6 1
7 1
12 36
13 36
14 49
15 49
16 48
17 48
18 41
19 41
20 42
21 42
22 63
23 63
24 63
25 63
26 64
27 64
28 65
29 65
30 66
31 66
X
19
0 39
1 39
2 13
3 13
4 10
5 10
6 1
7 1
12 36
13 36
14 49
15 49
16 48
17 48
18 41
19 41
20 42
21 42
22 63
23 63
24 63
25 63
26 64
27 64
28 65
29 65
30 66
31 66
X
20
0 0
1 0
2 46
3 46
4 7
5 7
6 47
7 47
12 36
13 36
14 49
15 49
16 16
17 16
18 38
19 38
20 21
21 21
22 26
23 26
24 63
25 63
26 63
27 63
28 65
29 65
30 67
31 67
X
21
0 0
1 0
2 46
3 46
4 7
5 7
6 47
7 47
12 36
13 36
14 49
15 49
16 16
17 16
18 38
19 38
20 21
21 21
22 26
23 26
24 63
25 63
26 63
27 63
28 65
29 65
30 67
31 67
X
22
0 8
1 8
2 13
3 13
4 23
5 23
6 42
7 42
8 0
9 0
14 50
15 50
16 5
17 5
18 22
19 22
20 33
21 33
22 26
23 26
24 63
25 63
26 63
27 63
28 64
29 64
30 66
31 66
X
23
0 8
1 8
2 13
3 13
4 23
5 23
6 42
7 42
8 0
9 0
14 50
15 50
16 5
17 5
18 22
19 22
20 33
21 33
22 26
23 26
24 63
25 63
26 63
27 63
28 64
29 64
30 66
31 66
X
24
0 2
1 2
2 27
3 27
4 14
5 14
6 50
7 50
8 10
9 10
10 51
11 51
12 49
13 49
14 52
15 52
16 53
17 53
18 22
19 22
20 25
21 25
22 20
23 20
24 42
25 42
26 63
27 63
28 64
29 64
30 63
31 63
X
25
0 2
1 2
2 27
3 27
4 14
5 14
6 50
7 50
8 10
9 10
10 51
11 51
12 49
13 49
14 52
15 52
16 53
17 53
18 22
19 22
20 25
21 25
22 20
23 20
24 42
25 42
26 63
27 63
28 64
29 64
30 63
31 63
X
26
0 28
1 28
2 15
3 15
4 17
5 17
6 6
7 6
8 54
9 54
10 50
11 50
12 54
13 54
14 12
15 12
16 14
17 14
18 19
19 19
20 19
21 19
22 25
23 25
24 33
25 33
26 33
27 33
28 33
29 33
30 55
31 55
X
27
0 28
1 28
2 15
3 15
4 17
5 17
6 6
7 6
8 54
9 54
10 50
11 50
12 54
13 54
14 12
15 12
16 14
17 14
18 19
19 19
20 19
21 19
22 25
23 25
24 33
25 33
26 33
27 33
28 33
29 33
30 55
31 55
X
28
0 8
1 8
2 27
3 27
4 10
5 10
6 50
7 50
8 11
9 11
10 0
11 0
12 13
13 13
14 10
15 10
16 17
17 17
18 16
19 16
20 17
21 17
22 49
23 49
24 18
25 18
26 51
27 51
28 18
29 18
30 56
31 56
X
29
0 8
1 8
2 27
3 27
4 10
5 10
6 50
7 50
8 11
9 11
10 0
11 0
12 13
13 13
14 10
15 10
16 17
17 17
18 16
19 16
20 17
21 17
22 49
23 49
24 18
25 18
26 51
27 51
28 18
29 18
30 56
31 56
X
30
0 3
1 3
2 3
3 3
4 31
5 31
6 1
7 1
8 28
9 28
10 28
11 28
12 47
13 47
14 39
15 39
16 39
17 39
18 26
19 26
20 31
21 31
22 3
23 3
24 2
25 2
26 3
27 3
28 2
29 2
30 3
31 3
X
31
0 3
1 3
2 3
3 3
4 31
5 31
6 1
7 1
8 28
9 28
10 28
11 28
12 47
13 47
14 39
15 39
16 39
17 39
18 26
19 26
20 31
21 31
22 3
23 3
24 2
25 2
26 3
27 3
28 2
29 2
30 3
31 3
X
F
0
X
1
X
2
X
3
X
4
X
5
X
6
26 32
27 32
28 32
29 32
30 32
31 32
X
7
26 32
27 32
28 32
29 32
30 32
31 32
X
8
24 32
25 32
26 32
27 32
28 32
29 32
30 32
31 32
X
9
24 32
25 32
26 32
27 32
28 32
29 32
30 32
31 32
X
10
24 32
25 32
26 32
27 32
28 32
29 32
30 32
31 32
X
11
24 32
25 32
26 32
27 32
28 32
29 32
30 32
31 32
X
12
22 32
23 32
24 32
25 32
26 32
27 32
28 32
29 32
30 36
31 36
X
13
22 32
23 32
24 32
25 32
26 32
27 32
28 32
29 32
30 36
31 36
X
14
22 32
23 32
24 32
25 32
26 32
27 32
28 32
29 32
30 36
31 36
X
15
22 32
23 32
24 32
25 32
26 32
27 32
28 32
29 32
30 36
31 36
X
16
22 32
23 32
24 32
25 32
26 32
27 32
28 32
29 32
30 36
31 36
X
17
22 32
23 32
24 32
25 32
26 32
27 32
28 32
29 32
30 36
31 36
X
18
22 32
23 32
24 32
25 32
26 32
27 32
28 32
29 32
30 36
31 36
X
19
22 32
23 32
24 32
25 32
26 32
27 32
28 32
29 32
30 36
31 36
X
20
24 32
25 32
26 32
27 32
28 32
29 32
30 36
31 36
X
21
24 32
25 32
26 32
27 32
28 32
29 32
30 36
31 36
X
22
24 32
25 32
26 32
27 32
28 32
29 32
30 36
31 36
X
23
24 32
25 32
26 32
27 32
28 32
29 32
30 36
31 36
X
24
26 32
27 32
28 32
29 32
30 32
31 32
X
25
26 32
27 32
28 32
29 32
30 32
31 32
X
26
X
27
X
28
X
29
X
30
X
31
X
F
0
0 0
1 0
2 0
3 0
4 1
5 1
6 2
7 2
8 0
9 0
10 1
11 1
12 3
13 3
14 4
15 4
16 4
17 4
18 5
19 5
20 5
21 5
22 5
23 5
24 6
25 6
26 6
27 6
28 6
29 6
30 7
31 7
X
1
0 0
1 0
2 0
3 0
4 1
5 1
6 2
7 2
8 0
9 0
10 1
11 1
12 3
13 3
14 4
15 4
16 4
17 4
18 5
19 5
20 5
21 5
22 5
23 5
24 6
25 6
26 6
27 6
28 6
29 6
30 7
31 7
X
2
0 8
1 8
2 9
3 9
4 10
5 10
6 10
7 10
8 11
9 11
10 12
11 12
12 13
13 13
14 14
15 14
16 15
17 15
18 16
19 16
20 17
21 17
22 18
23 18
24 19
25 19
26 20
27 20
28 21
29 21
30 22
31 22
X
3
0 8
1 8
2 9
3 9
4 10
5 10
6 10
7 10
8 11
9 11
10 12
11 12
12 13
13 13
14 14
15 14
16 15
17 15
18 16
19 16
20 17
21 17
22 18
23 18
24 19
25 19
26 20
27 20
28 21
29 21
30 22
31 22
X
4
0 8
1 8
2 12
3 12
4 17
5 17
6 14
7 14
8 17
9 17
10 23
11 23
12 23
13 23
14 14
15 14
16 17
17 17
18 19
19 19
20 24
21 24
22 25
23 25
24 21
25 21
26 26
27 26
28 26
29 26
30 3
31 3
X
5
0 8
1 8
2 12
3 12
4 17
5 17
6 14
7 14
8 17
9 17
10 23
11 23
12 23
13 23
14 14
15 14
16 17
17 17
18 19
19 19
20 24
21 24
22 25
23 25
24 21
25 21
26 26
27 26
28 26
29 26
30 3
31 3
X
6
0 3
1 3
2 13
3 13
4 27
5 27
6 11
7 11
8 5
9 5
10 1
11 1
12 1
13 1
14 28
15 28
16 7
17 7
18 22
19 22
20 22
21 22
22 20
23 20
24 26
25 26
26 63
27 63
28 64
29 64
30 63
31 63
X
7
0 3
1 3
2 13
3 13
4 27
5 27
6 11
7 11
8 5
9 5
10 1
11 1
12 1
13 1
14 28
15 28
16 7
17 7
18 22
19 22
20 22
21 22
22 20
23 20
24 26
25 26
26 63
27 63
28 64
29 64
30 63
31 63
X
8
0 31
1 31
2 15
3 15
4 13
5 13
6 9
7 9
8 8
9 8
14 11
15 11
16 14
17 14
18 22
19 22
20 33
21 33
22 26
23 26
24 63
25 63
26 64
27 64
28 65
29 65
30 64
31 64
X
9
0 31
1 31
2 15
3 15
4 13
5 13
6 9
7 9
8 8
9 8
14 11
15 11
16 14
17 14
18 22
19 22
20 33
21 33
22 26
23 26
24 63
25 63
26 64
27 64
28 65
29 65
30 64
31 64
X
10
0 4
1 4
2 27
3 27
4 16
5 16
6 28
7 28
12 36
13 36
14 37
15 37
16 16
17 16
18 38
19 38
20 21
21 21
22 39
23 39
24 63
25 63
26 64
27 64
28 65
29 65
30 63
31 63
X
11
0 4
1 4
2 27
3 27
4 16
5 16
6 28
7 28
12 36
13 36
14 37
15 37
16 16
17 16
18 38
19 38
20 21
21 21
22 39
23 39
24 63
25 63
26 64
27 64
28 65
29 65
30 63
31 63
X
12
0 2
1 2
2 11
3 11
4 16
5 16
6 3
7 3
12 36
13 36
14 18
15 18
16 40
17 40
18 41
19 41
20 42
21 42
22 63
23 63
24 64
25 64
26 64
27 64
28 65
29 65
30 66
31 66
X
13
0 2
1 2
2 11
3 11
4 16
5 16
6 3
7 3
12 36
13 36
14 18
15 18
16 40
17 40
18 41
19 41
20 42
21 42
22 63
23 63
24 64
25 64
26 64
27 64
28 65
29 65
30 66
31 66
X
14
0 2
1 2
2 11
3 11
4 17
5 17
6 3
7 3
12 36
13 36
14 18
15 18
16 44
17 44
18 41
19 41
20 42
21 42
22 63
23 63
24 63
25 63
26 63
27 63
28 64
29 64
30 67
31 67
X
15
0 2
1 2
2 11
3 11
4 17
5 17
6 3
7 3
12 36
13 36
14 18
15 18
16 44
17 44
18 41
19 41
20 42
21 42
22 63
23 63
24 63
25 63
26 63
27 63
28 64
29 64
30 67
31 67
X
16
0 28
1 28
2 5
3 5
4 46
5 46
6 47
7 47
12 36
13 36
14 18
15 18
16 48
17 48
18 41
19 41
20 26
21 26
22 63
23 63
24 64
25 64
26 65
27 65
28 64
29 64
30 63
31 63
X
17
0 28
1 28
2 5
3 5
4 46
5 46
6 47
7 47
12 36
13 36
14 18
15 18
16 48
17 48
18 41
19 41
20 26
21 26
22 63
23 63
24 64
25 64
26 65
27 65
28 64
29 64
30 63
31 63
X
18
0 39
1 39
2 13
3 13
4 10
5 10
6 1
7 1
12 36
13 36
14 49
15 49
16 48
17 48
18 41
19 41
20 42
21 42
22 63
23 63
24 63
25 63
26 64
27 64
28 65
29 65
30 66
31 66
X
19
0 39
1 39
2 13
3 13
4 10
5 10
6 1
7 1
12 36
13 36
14 49
15 49
16 48
17 48
18 41
19 41
20 42
21 42
22 63
23 63
24 63
25 63
26 64
27 64
28 65
29 65
30 66
31 66
X
20
0 0
1 0
2 46
3 46
4 7
5 7
6 47
7 47
12 36
13 36
14 49
15 49
16 16
17 16
18 38
19 38
20 21
21 21
22 26
23 26
24 63
25 63
26 63
27 63
28 65
29 65
30 67
31 67
X
21
0 0
1 0
2 46
3 46
4 7
5 7
6 47
7 47
12 36
13 36
14 49
15 49
16 16
17 16
18 38
19 38
20 21
21 21
22 26
23 26
24 63
25 63
26 63
27 63
28 65
29 65
30 67
31 67
X
22
0 8
1 8
2 13
3 13
4 23
5 23
6 42
7 42
8 0
9 0
14 50
15 50
16 5
17 5
18 22
19 22
20 33
21 33
22 26
23 26
24 63
25 63
26 63
27 63
28 64
29 64
30 66
31 66
X
23
0 8
1 8
2 13
3 13
4 23
5 23
6 42
7 42
8 0
9 0
14 50
15 50
16 5
17 5
18 22
19 22
20 33
21 33
22 26
23 26
24 63
25 63
26 63
27 63
28 64
29 64
30 66
31 66
X
24
0 2
1 2
2 27
3 27
4 14
5 14
6 50
7 50
8 10
9 10
10 51
11 51
12 49
13 49
14 52
15 52
16 53
17 53
18 22
19 22
20 25
21 25
22 20
23 20
24 42
25 42
26 63
27 63
28 64
29 64
30 63
31 63
X
25
0 2
1 2
2 27
3 27
4 14
5 14
6 50
7 50
8 10
9 10
10 51
11 51
12 49
13 49
14 52
15 52
16 53
17 53
18 22
19 22
20 25
21 25
22 20
23 20
24 42
25 42
26 63
27 63
28 64
29 64
30 63
31 63
X
26
0 28
1 28
2 15
3 15
4 17
5 17
6 6
7 6
8 54
9 54
10 50
11 50
12 54
13 54
14 12
15 12
16 14
17 14
18 19
19 19
20 19
21 19
22 25
23 25
24 33
25 33
26 33
27 33
28 33
29 33
30 55
31 55
X
27
0 28
1 28
2 15
3 15
4 17
5 17
6 6
7 6
8 54
9 54
10 50
11 50
12 54
13 54
14 12
15 12
16 14
17 14
18 19
19 19
20 19
21 19
22 25
23 25
24 33
25 33
26 33
27 33
28 33
29 33
30 55
31 55
X
28
0 8
1 8
2 27
3 27
4 10
5 10
6 50
7 50
8 11
9 11
10 0
11 0
12 13
13 13
14 10
15 10
16 17
17 17
18 16
19 16
20 17
21 17
22 49
23 49
24 18
25 18
26 51
27 51
28 18
29 18
30 56
31 56
X
29
0 8
1 8
2 27
3 27
4 10
5 10
6 50
7 50
8 11
9 11
10 0
11 0
12 13
13 13
14 10
15 10
16 17
17 17
18 16
19 16
20 17
21 17
22 49
23 49
24 18
25 18
26 51
27 51
28 18
29 18
30 56
31 56
X
30
0 3
1 3
2 3
3 3
4 31
5 31
6 1
7 1
8 28
9 28
10 28
11 28
12 47
13 47
14 39
15 39
16 39
17 39
18 26
19 26
20 31
21 31
22 3
23 3
24 2
25 2
26 3
27 3
28 2
29 2
30 3
31 3
X
31
0 3
1 3
2 3
3 3
4 31
5 31
6 1
7 1
8 28
9 28
10 28
11 28
12 47
13 47
14 39
15 39
16 39
17 39
18 26
19 26
20 31
21 31
22 3
23 3
24 2
25 2
26 3
27 3
28 2
29 2
30 3
31 3
X
F
0
X
1
X
2
X
3
X
4
X
5
X
6
26 57
27 57
28 58
29 58
30 57
31 57
X
7
26 57
27 57
28 58
29 58
30 57
31 57
X
8
24 59
25 59
26 58
27 58
28 60
29 60
30 58
31 58
X
9
24 59
25 59
26 58
27 58
28 60
29 60
30 58
31 58
X
10
24 59
25 59
26 58
27 58
28 60
29 60
30 57
31 57
X
11
24 59
25 59
26 58
27 58
28 60
29 60
30 57
31 57
X
12
22 57
23 57
24 58
25 58
26 58
27 58
28 60
29 60
30 61
31 61
X
13
22 57
23 57
24 58
25 58
26 58
27 58
28 60
29 60
30 61
31 61
X
14
22 59
23 59
24 59
25 59
26 57
27 57
28 58
29 58
30 62
31 62
X
15
22 59
23 59
24 59
25 59
26 57
27 57
28 58
29 58
30 62
31 62
X
16
22 57
23 57
24 58
25 58
26 60
27 60
28 58
29 58
30 57
31 57
X
17
22 57
23 57
24 58
25 58
26 60
27 60
28 58
29 58
30 57
31 57
X
18
22 59
23 59
24 57
25 57
26 58
27 58
28 60
29 60
30 61
31 61
X
19
22 59
23 59
24 57
25 57
26 58
27 58
28 60
29 60
30 61
31 61
X
20
24 59
25 59
26 57
27 57
28 60
29 60
30 62
31 62
X
21
24 59
25 59
26 57
27 57
28 60
29 60
30 62
31 62
X
22
24 59
25 59
26 57
27 57
28 58
29 58
30 61
31 61
X
23
24 59
25 59
26 57
27 57
28 58
29 58
30 61
31 61
X
24
26 57
27 57
28 58
29 58
30 57
31 57
X
25
26 57
27 57
28 58
29 58
30 57
31 57
X
26
X
27
X
28
X
29
X
30
X
31
X
F
0
0 0
1 0
2 0
3 0
4 1
5 1
6 2
7 2
8 0
9 0
10 1
11 1
12 3
13 3
14 4
15 4
16 4
17 4
18 5
19 5
20 5
21 5
22 5
23 5
24 6
25 6
26 6
27 6
28 6
29 6
30 7
31 7
X
1
0 0
1 0
2 0
3 0
4 1
5 1
6 2
7 2
8 0
9 0
10 1
11 1
12 3
13 3
14 4
15 4
16 4
17 4
18 5
19 5
20 5
21 5
22 5
23 5
24 6
25 6
26 6
27 6
28 6
29 6
30 7
31 7
X
2
0 8
1 8
2 9
3 9
4 10
5 10
6 10
7 10
8 11
9 11
10 12
11 12
12 13
13 13
14 14
15 14
16 15
17 15
18 16
19 16
20 17
21 17
22 18
23 18
24 19
25 19
26 20
27 20
28 21
29 21
30 22
31 22
X
3
0 8
1 8
2 9
3 9
4 10
5 10
6 10
7 10
8 11
9 11
10 12
11 12
12 13
13 13
14 14
15 14
16 15
17 15
18 16
19 16
20 17
21 17
22 18
23 18
24 19
25 19
26 20
27 20
28 21
29 21
30 22
31 22
X
4
0 8
1 8
2 12
3 12
4 17
5 17
6 14
7 14
8 17
9 17
10 23
11 23
12 23
13 23
14 14
15 14
16 17
17 17
18 19
19 19
20 24
21 24
22 25
23 25
24 21
25 21
26 26
27 26
28 26
29 26
30 3
31 3
X
5
0 8
1 8
2 12
3 12
4 17
5 17
6 14
7 14
8 17
9 17
10 23
11 23
12 23
13 23
14 14
15 14
16 17
17 17
18 19
19 19
20 24
21 24
22 25
23 25
24 21
25 21
26 26
27 26
28 26
29 26
30 3
31 3
X
6
0 3
1 3
2 13
3 13
4 27
5 27
6 11
7 11
8 5
9 5
10 1
11 1
12 1
13 1
14 28
15 28
16 7
17 7
18 22
19 22
20 22
21 22
22 20
23 20
24 26
25 26
26 29
27 29
28 30
29 30
30 29
31 29
X
7
0 3
1 3
2 13
3 13
4 27
5 27
6 11
7 11
8 5
9 5
10 1
11 1
12 1
13 1
14 28
15 28
16 7
17 7
18 22
19 22
20 22
21 22
22 20
23 20
24 26
25 26
26 29
27 29
28 30
29 30
30 29
31 29
X
8
0 31
1 31
2 15
3 15
4 13
5 13
6 9
7 9
8 8
9 8
14 11
15 11
16 14
17 14
18 22
19 22
20 33
21 33
22 26
23 26
24 34
25 34
26 30
27 30
28 35
29 35
30 30
31 30
X
9
0 31
1 31
2 15
3 15
4 13
5 13
6 9
7 9
8 8
9 8
14 11
15 11
16 14
17 14
18 22
19 22
20 33
21 33
22 26
23 26
24 34
25 34
26 30
27 30
28 35
29 35
30 30
31 30
X
10
0 4
1 4
2 27
3 27
4 16
5 16
6 28
7 28
12 36
13 36
14 37
15 37
16 16
17 16
18 38
19 38
20 21
21 21
22 39
23 39
24 34
25 34
26 30
27 30
28 35
29 35
30 29
31 29
X
11
0 4
1 4
2 27
3 27
4 16
5 16
6 28
7 28
12 36
13 36
14 37
15 37
16 16
17 16
18 38
19 38
20 21
21 21
22 39
23 39
24 34
25 34
26 30
27 30
28 35
29 35
30 29
31 29
X
12
0 2
1 2
2 11
3 11
4 16
5 16
6 3
7 3
12 36
13 36
14 18
15 18
16 40
17 40
18 41
19 41
20 42
21 42
22 29
23 29
24 30
25 30
26 30
27 30
28 35
29 35
30 43
31 43
X
13
0 2
1 2
2 11
3 11
4 16
5 16
6 3
7 3
12 36
13 36
14 18
15 18
16 40
17 40
18 41
19 41
20 42
21 42
22 29
23 29
24 30
25 30
26 30
27 30
28 35
29 35
30 43
31 43
X
14
0 2
1 2
2 11
3 11
4 17
5 17
6 3
7 3
12 36
13 36
14 18
15 18
16 44
17 44
18 41
19 41
20 42
21 42
22 34
23 34
24 34
25 34
26 29
27 29
28 30
29 30
30 45
31 45
X
15
0 2
1 2
2 11
3 11
4 17
5 17
6 3
7 3
12 36
13 36
14 18
15 18
16 44
17 44
18 41
19 41
20 42
21 42
22 34
23 34
24 34
25 34
26 29
27 29
28 30
29 30
30 45
31 45
X
16
0 28
1 28
2 5
3 5
4 46
5 46
6 47
7 47
12 36
13 36
14 18
15 18
16 48
17 48
18 41
19 41
20 26
21 26
22 29
23 29
24 30
25 30
26 35
27 35
28 30
29 30
30 29
31 29
X
17
0 28
1 28
2 5
3 5
4 46
5 46
6 47
7 47
12 36
13 36
14 18
15 18
16 48
17 48
18 41
19 41
20 26
21 26
22 29
23 29
24 30
25 30
26 35
27 35
28 30
29 30
30 29
31 29
X
18
0 39
1 39
2 13
3 13
4 10
5 10
6 1
7 1
12 36
13 36
14 49
15 49
16 48
17 48
18 41
19 41
20 42
21 42
22 34
23 34
24 29
25 29
26 30
27 30
28 35
29 35
30 43
31 43
X
19
0 39
1 39
2 13
3 13
4 10
5 10
6 1
7 1
12 36
13 36
14 49
15 49
16 48
17 48
18 41
19 41
20 42
21 42
22 34
23 34
24 29
25 29
26 30
27 30
28 35
29 35
30 43
31 43
X
20
0 0
1 0
2 46
3 46
4 7
5 7
6 47
7 47
12 36
13 36
14 49
15 49
16 16
17 16
18 38
19 38
20 21
21 21
22 26
23 26
24 34
25 34
26 29
27 29
28 35
29 35
30 45
31 45
X
21
0 0
1 0
2 46
3 46
4 7
5 7
6 47
7 47
12 36
13 36
14 49
15 49
16 16
17 16
18 38
19 38
20 21
21 21
22 26
23 26
24 34
25 34
26 29
27 29
28 35
29 35
30 45
31 45
X
22
0 8
1 8
2 13
3 13
4 23
5 23
6 42
7 42
8 0
9 0
14 50
15 50
16 5
17 5
18 22
19 22
20 33
21 33
22 26
23 26
24 34
25 34
26 29
27 29
28 30
29 30
30 43
31 43
X
23
0 8
1 8
2 13
3 13
4 23
5 23
6 42
7 42
8 0
9 0
14 50
15 50
16 5
17 5
18 22
19 22
20 33
21 33
22 26
23 26
24 34
25 34
26 29
27 29
28 30
29 30
30 43
31 43
X
24
0 2
1 2
2 27
3 27
4 14
5 14
6 50
7 50
8 10
9 10
10 51
11 51
12 49
13 49
14 52
15 52
16 53
17 53
18 22
19 22
20 25
21 25
22 20
23 20
24 42
25 42
26 29
27 29
28 30
29 30
30 29
31 29
X
25
0 2
1 2
2 27
3 27
4 14
5 14
6 50
7 50
8 10
9 10
10 51
11 51
12 49
13 49
14 52
15 52
16 53
17 53
18 22
19 22
20 25
21 25
22 20
23 20
24 42
25 42
26 29
27 29
28 30
29 30
30 29
31 29
X
26
0 28
1 28
2 15
3 15
4 17
5 17
6 6
7 6
8 54
9 54
10 50
11 50
12 54
13 54
14 12
15 12
16 14
17 14
18 19
19 19
20 19
21 19
22 25
23 25
24 33
25 33
26 33
27 33
28 33
29 33
30 55
31 55
X
27
0 28
1 28
2 15
3 15
4 17
5 17
6 6
7 6
8 54
9 54
10 50
11 50
12 54
13 54
14 12
15 12
16 14
17 14
18 19
19 19
20 19
21 19
22 25
23 25
24 33
25 33
26 33
27 33
28 33
29 33
30 55
31 55
X
28
0 8
1 8
2 27
3 27
4 10
5 10
6 50
7 50
8 11
9 11
10 0
11 0
12 13
13 13
14 10
15 10
16 17
17 17
18 16
19 16
20 17
21 17
22 49
23 49
24 18
25 18
26 51
27 51
28 18
29 18
30 56
31 56
X
29
0 8
1 8
2 27
3 27
4 10
5 10
6 50
7 50
8 11
9 11
10 0
11 0
12 13
13 13
14 10
15 10
16 17
17 17
18 16
19 16
20 17
21 17
22 49
23 49
24 18
25 18
26 51
27 51
28 18
29 18
30 56
31 56
X
30
0 3
1 3
2 3
3 3
4 31
5 31
6 1
7 1
8 28
9 28
10 28
11 28
12 47
13 47
14 39
15 39
16 39
17 39
18 26
19 26
20 31
21 31
22 3
23 3
24 2
25 2
26 3
27 3
28 2
29 2
30 3
31 3
X
31
0 3
1 3
2 3
3 3
4 31
5 31
6 1
7 1
8 28
9 28
10 28
11 28
12 47
13 47
14 39
15 39
16 39
17 39
18 26
19 26
20 31
21 31
22 3
23 3
24 2
25 2
26 3
27 3
28 2
29 2
30 3
31 3
X
F
0
X
1
X
2
X
3
X
4
X
5
X
6
26 68
27 68
28 69
29 69
30 68
31 68
X
7
26 68
27 68
28 69
29 69
30 68
31 68
X
8
24 70
25 70
26 69
27 69
28 71
29 71
30 69
31 69
X
9
24 70
25 70
26 69
27 69
28 71
29 71
30 69
31 69
X
10
24 70
25 70
26 69
27 69
28 71
29 71
30 68
31 68
X
11
24 70
25 70
26 69
27 69
28 71
29 71
30 68
31 68
X
12
22 68
23 68
24 69
25 69
26 69
27 69
28 71
29 71
30 69
31 69
X
13
22 68
23 68
24 69
25 69
26 69
27 69
28 71
29 71
30 69
31 69
X
14
22 70
23 70
24 70
25 70
26 68
27 68
28 69
29 69
30 71
31 71
X
15
22 70
23 70
24 70
25 70
26 68
27 68
28 69
29 69
30 71
31 71
X
16
22 68
23 68
24 69
25 69
26 71
27 71
28 69
29 69
30 68
31 68
X
17
22 68
23 68
24 69
25 69
26 71
27 71
28 69
29 69
30 68
31 68
X
18
22 70
23 70
24 68
25 68
26 69
27 69
28 71
29 71
30 69
31 69
X
19
22 70
23 70
24 68
25 68
26 69
27 69
28 71
29 71
30 69
31 69
X
20
24 70
25 70
26 68
27 68
28 71
29 71
30 71
31 71
X
21
24 70
25 70
26 68
27 68
28 71
29 71
30 71
31 71
X
22
24 70
25 70
26 68
27 68
28 69
29 69
30 69
31 69
X
23
24 70
25 70
26 68
27 68
28 69
29 69
30 69
31 69
X
24
26 68
27 68
28 69
29 69
30 68
31 68
X
25
26 68
27 68
28 69
29 69
30 68
31 68
X
26
X
27
X
28
X
29
X
30
X
31
X
F
