255 255 255
153 119 13
0 0 0
0 0 0
0 0 0
0 0 0
0 0 0
0 0 0
0 0 0
0 0 0
0 0 0
0 0 0
0 0 0
0 0 0
0 0 0
0 0 0
0 0 0
0 0 0
0 0 0
0 0 0
0 0 0
0 0 0
0 0 0
0 0 0
0 0 0
0 0 0
0 0 0
0 0 0
0 0 0
0 0 0
0 0 0
0 0 0
0 0 0
0 0 0
0 0 0
0 0 0
0 0 0
0 0 0
0 0 0
0 0 0
0 0 0
0 0 0
0 0 0
0 0 0
0 0 0
0 0 0
0 0 0
0 0 0
0 0 0
0 0 0
0 0 0
0 0 0
0 0 0
0 0 0
0 0 0
0 0 0
0 0 0
0 0 0
0 0 0
0 0 0
0 0 0
0 0 0
0 0 0
0 0 0
0 0 0
0 0 0
0 0 0
0 0 0
0 0 0
0 0 0
0 0 0
0 0 0
0 0 0
0 0 0
0 0 0
0 0 0
0 0 0
0 0 0
0 0 0
66 57 8
140 113 25
148 117 25
140 117 41
140 117 25
148 117 25
82 69 8
0 0 0
0 0 0
0 0 0
0 0 0
0 0 0
0 0 0
0 0 0
0 0 0
0 0 0
0 0 0
0 0 0
0 0 0
0 0 0
0 0 0
0 0 0
0 0 0
0 0 0
0 0 0
0 0 0
0 0 0
0 0 0
0 0 0
0 0 0
0 0 0
123 109 16
156 125 33
25 45 49
49 69 82
82 89 99
58 69 90
0 45 49
140 109 41
148 125 16
25 24 0
0 0 0
0 0 0
0 0 0
0 0 0
0 0 0
0 0 0
0 0 0
0 0 0
0 0 0
0 0 0
0 0 0
0 0 0
0 0 0
0 0 0
0 0 0
0 0 0
0 0 0
0 0 0
0 0 0
0 0 0
8 8 0
132 121 16
115 93 25
0 4 66
132 154 173
214 223 222
247 243 247
222 227 222
156 170 181
25 40 82
82 65 33
156 142 33
41 36 8
0 0 0
0 0 0
0 0 0
0 0 0
0 0 0
0 0 0
0 0 0
0 0 0
0 0 0
0 0 0
0 0 0
0 0 0
0 0 0
0 0 0
0 0 0
0 0 0
0 0 0
0 0 0
0 0 0
123 113 16
123 97 16
0 32 74
197 206 214
255 255 255
255 255 255
255 255 255
255 255 255
255 255 255
214 223 222
58 69 90
74 45 25
148 125 25
16 12 0
0 0 0
0 0 0
0 0 0
0 0 0
0 0 0
0 0 0
0 0 0
0 0 0
0 0 0
0 0 0
0 0 0
0 0 0
0 0 0
0 0 0
0 0 0
0 0 0
0 0 0
66 57 8
140 121 8
0 20 58
197 202 214
255 255 255
255 255 255
255 255 255
255 255 255
255 255 255
255 255 255
255 255 255
214 223 222
33 45 74
132 109 16
99 85 16
0 0 0
0 0 0
0 0 0
0 0 0
0 0 0
0 0 0
0 0 0
0 0 0
0 0 0
0 0 0
0 0 0
0 0 0
0 0 0
0 0 0
0 0 0
0 0 0
16 16 8
140 121 16
41 36 25
148 154 173
255 255 255
255 255 255
255 255 255
255 255 255
255 255 255
255 255 255
255 255 255
255 255 255
255 255 255
173 178 189
0 0 41
132 113 25
33 28 8
0 0 0
0 0 0
0 0 0
0 0 0
0 0 0
0 0 0
0 0 0
0 0 0
0 0 0
0 0 0
0 0 0
0 0 0
0 0 0
0 0 0
0 0 0
82 69 16
132 105 0
58 69 107
230 239 239
255 255 255
255 255 255
247 251 255
214 223 222
222 219 222
239 239 239
255 255 255
255 255 255
255 255 255
239 247 247
74 81 115
123 97 8
99 81 25
0 0 0
0 0 0
0 0 0
0 0 0
0 0 0
0 0 0
0 0 0
0 0 0
0 0 0
0 0 0
0 0 0
0 0 0
0 0 0
0 0 0
8 8 0
123 105 16
58 61 41
148 158 181
255 255 255
255 255 255
239 239 239
132 142 140
33 65 58
16 61 49
82 101 99
189 198 197
255 255 255
255 255 255
255 255 255
165 170 181
25 49 49
123 105 16
16 12 0
0 0 0
0 0 0
0 0 0
0 0 0
0 0 0
0 0 0
0 0 0
0 0 0
0 0 0
0 0 0
0 0 0
0 0 0
0 0 0
33 24 0
148 121 8
41 65 82
214 227 230
255 255 255
239 243 247
107 113 107
0 0 0
16 53 41
33 77 66
0 16 8
0 12 0
181 194 189
255 255 255
255 255 255
222 231 230
41 65 82
148 121 8
49 40 0
0 0 0
0 0 0
0 0 0
0 0 0
0 0 0
0 0 0
0 0 0
0 0 0
0 0 0
0 0 0
0 0 0
0 0 0
0 0 0
74 61 16
132 105 25
99 105 132
255 255 255
255 255 255
165 170 165
0 0 0
41 73 66
74 105 99
66 93 82
66 97 90
0 16 8
66 73 66
222 227 222
255 255 255
255 255 255
99 109 132
123 105 25
99 81 16
0 0 0
0 0 0
0 0 0
0 0 0
0 0 0
0 0 0
0 0 0
0 0 0
0 0 0
0 0 0
0 0 0
0 0 0
0 0 0
123 105 8
99 101 49
132 146 165
255 255 255
230 235 230
82 89 82
0 28 16
82 109 107
58 89 82
8 40 25
16 49 33
41 77 74
0 12 0
173 178 181
255 255 255
255 255 255
123 146 165
99 97 49
132 109 16
0 0 0
0 0 0
0 0 0
0 0 0
0 0 0
0 0 0
0 0 0
0 0 0
0 0 0
0 0 0
0 0 0
0 0 0
0 0 0
148 117 16
74 89 58
165 182 197
255 255 255
197 206 206
0 36 25
33 69 66
66 97 90
58 89 82
123 134 132
132 138 140
66 89 82
0 12 0
132 142 140
247 251 247
255 255 255
156 174 189
74 89 58
148 117 25
0 0 0
0 0 0
0 0 0
0 0 0
0 0 0
0 0 0
0 0 0
0 0 0
0 0 0
0 0 0
0 0 0
0 0 0
0 0 0
140 117 16
66 89 66
181 198 206
255 255 255
173 178 181
0 36 25
49 81 74
33 69 58
74 93 82
239 239 239
255 255 255
107 125 123
0 0 0
115 130 123
239 243 239
255 255 255
173 186 197
66 89 66
140 117 16
0 0 0
0 0 0
0 0 0
0 0 0
0 0 0
0 0 0
0 0 0
0 0 0
0 0 0
0 0 0
0 0 0
0 0 0
0 0 0
148 121 25
66 89 74
197 210 214
255 255 255
165 174 173
0 36 16
58 89 82
25 57 49
82 97 90
239 239 239
255 255 255
107 130 123
0 0 0
99 117 107
239 239 239
255 255 255
189 198 206
58 85 66
148 117 25
0 0 0
0 0 0
0 0 0
0 0 0
0 0 0
0 0 0
0 0 0
0 0 0
0 0 0
0 0 0
0 0 0
0 0 0
0 0 0
140 117 16
74 89 74
197 206 214
255 255 255
165 174 173
0 36 25
49 85 74
33 65 58
74 93 82
239 239 239
255 255 255
99 125 115
0 0 0
107 125 123
239 239 239
255 255 255
181 194 197
66 89 74
140 117 25
0 0 0
0 0 0
0 0 0
0 0 0
0 0 0
0 0 0
0 0 0
0 0 0
0 0 0
0 0 0
0 0 0
0 0 0
0 0 0
148 117 16
66 89 66
189 198 206
255 255 255
189 194 189
0 28 16
41 77 74
33 69 58
74 93 90
239 239 239
255 255 255
99 117 107
0 0 0
123 142 132
247 247 247
255 255 255
173 186 197
66 89 66
148 121 25
0 0 0
0 0 0
0 0 0
0 0 0
0 0 0
0 0 0
0 0 0
0 0 0
0 0 0
0 0 0
0 0 0
0 0 0
0 0 0
140 113 16
74 93 58
156 178 189
255 255 255
214 223 222
41 61 58
25 61 49
33 73 66
74 93 82
239 239 239
255 255 255
99 109 107
0 0 0
173 178 181
255 255 255
255 255 255
148 170 181
74 93 58
140 113 16
0 0 0
0 0 0
0 0 0
0 0 0
0 0 0
0 0 0
0 0 0
0 0 0
0 0 0
0 0 0
0 0 0
0 0 0
0 0 0
123 105 16
99 97 49
132 150 173
255 255 255
247 251 247
123 130 132
0 0 0
8 57 49
82 101 99
230 239 239
255 255 255
82 89 90
25 36 33
222 227 222
255 255 255
255 255 255
123 142 165
107 101 41
123 101 16
0 0 0
0 0 0
0 0 0
0 0 0
0 0 0
0 0 0
0 0 0
0 0 0
0 0 0
0 0 0
0 0 0
0 0 0
0 0 0
66 57 8
132 109 33
99 109 132
255 255 255
255 255 255
214 219 222
41 57 49
0 0 0
82 105 90
247 243 247
239 239 239
49 61 58
156 162 156
255 255 255
255 255 255
255 255 255
90 101 123
140 109 25
66 57 8
0 0 0
0 0 0
0 0 0
0 0 0
0 0 0
0 0 0
0 0 0
0 0 0
0 0 0
0 0 0
0 0 0
0 0 0
0 0 0
33 28 8
140 117 8
49 69 90
214 227 230
255 255 255
255 255 255
197 206 206
0 28 8
66 73 74
239 239 239
247 243 247
173 186 181
230 235 230
255 255 255
255 255 255
206 219 222
41 65 82
132 113 0
25 20 0
0 0 0
0 0 0
0 0 0
0 0 0
0 0 0
0 0 0
0 0 0
0 0 0
0 0 0
0 0 0
0 0 0
0 0 0
0 0 0
8 8 0
123 105 16
41 53 41
156 166 189
255 255 255
255 255 255
239 243 239
99 105 107
41 53 49
230 231 230
255 255 255
255 255 255
255 255 255
255 255 255
255 255 255
148 158 181
66 65 41
115 97 16
0 0 0
0 0 0
0 0 0
0 0 0
0 0 0
0 0 0
0 0 0
0 0 0
0 0 0
0 0 0
0 0 0
0 0 0
0 0 0
0 0 0
0 0 0
82 73 16
132 105 8
58 69 107
239 243 247
255 255 255
247 247 247
99 109 107
49 57 49
222 227 230
255 255 255
255 255 255
255 255 255
255 255 255
239 239 247
58 61 107
132 109 0
58 53 8
0 0 0
0 0 0
0 0 0
0 0 0
0 0 0
0 0 0
0 0 0
0 0 0
0 0 0
0 0 0
0 0 0
0 0 0
0 0 0
0 0 0
0 0 0
33 24 8
140 117 25
25 28 33
140 154 165
255 255 255
239 243 247
99 105 99
41 53 49
230 231 230
255 255 255
255 255 255
255 255 255
255 255 255
132 146 173
66 53 25
132 117 8
8 8 0
0 0 0
0 0 0
0 0 0
0 0 0
0 0 0
0 0 0
0 0 0
0 0 0
0 0 0
0 0 0
0 0 0
0 0 0
0 0 0
0 0 0
0 0 0
0 0 0
82 73 16
132 121 8
8 20 58
206 206 214
255 255 255
99 113 107
41 53 49
222 227 230
255 255 255
255 255 255
255 255 255
189 194 206
0 12 58
132 113 8
49 40 8
0 0 0
0 0 0
0 0 0
0 0 0
0 0 0
0 0 0
0 0 0
0 0 0
0 0 0
0 0 0
0 0 0
0 0 0
0 0 0
0 0 0
0 0 0
0 0 0
0 0 0
0 0 0
132 117 25
99 77 25
58 61 90
197 210 206
123 134 132
58 65 58
230 231 230
255 255 255
255 255 255
181 194 206
0 8 74
123 109 0
99 85 25
0 0 0
0 0 0
0 0 0
0 0 0
0 0 0
0 0 0
0 0 0
0 0 0
0 0 0
0 0 0
0 0 0
0 0 0
0 0 0
0 0 0
0 0 0
0 0 0
0 0 0
0 0 0
0 0 0
16 16 0
148 134 25
107 93 49
0 24 90
8 57 74
66 93 90
197 206 197
214 223 222
115 134 156
0 0 66
132 105 16
115 105 16
0 0 0
0 0 0
0 0 0
0 0 0
0 0 0
0 0 0
0 0 0
0 0 0
0 0 0
0 0 0
0 0 0
0 0 0
0 0 0
0 0 0
0 0 0
0 0 0
0 0 0
0 0 0
0 0 0
0 0 0
0 0 0
0 0 0
132 109 25
148 117 41
49 77 82
16 73 90
66 73 90
33 53 66
49 53 49
156 125 25
107 93 16
0 0 0
0 0 0
0 0 0
0 0 0
0 0 0
0 0 0
0 0 0
0 0 0
0 0 0
0 0 0
0 0 0
0 0 0
0 0 0
0 0 0
0 0 0
0 0 0
0 0 0
0 0 0
0 0 0
0 0 0
0 0 0
0 0 0
0 0 0
0 0 0
74 61 8
140 117 33
156 134 49
140 121 41
148 121 25
123 105 16
58 49 8
0 0 0
0 0 0
0 0 0
0 0 0
0 0 0
0 0 0
0 0 0
0 0 0
0 0 0
0 0 0
0 0 0
0 0 0
0 0 0
0 0 0
0 0 0
0 0 0
0 0 0
0 0 0
0 0 0
0 0 0
0 0 0
0 0 0
0 0 0
0 0 0
0 0 0
0 0 0
0 0 0
0 0 0
0 0 0
0 0 0
0 0 0
0 0 0
0 0 0
0 0 0
0 0 0
0 0 0
0 0 0
0 0 0
0 0 0
0 0 0
0 0 0
0 0 0
0 0 0
0 0 0
0 0 0
0 0 0
0 0 0
0 0 0
0 0 0
0 0 0
0 0 0
0 0 0
0 0 0
0 0 0
0 0 0
0 0 0
0 0 0
0 0 0
0 0 0
0 0 0
0 0 0
0 0 0
0 0 0
0 0 0
0 0 0
0 0 0
0 0 0
0 0 0
0 0 0
0 0 0
0 0 0
0 0 0
0 0 0
0 0 0
0 0 0
0 0 0
