0 0 0 0
252 0 0 1
252 161 0 2
205 0 0 3
252 252 0 4
P
0
X
1
X
2
X
3
X
4
X
5
X
6
26 1
27 1
28 2
29 2
30 1
31 1
X
7
26 1
27 1
28 2
29 2
30 1
31 1
X
8
24 3
25 3
26 2
27 2
28 4
29 4
30 2
31 2
X
9
24 3
25 3
26 2
27 2
28 4
29 4
30 2
31 2
X
10
24 3
25 3
26 2
27 2
28 4
29 4
30 1
31 1
X
11
24 3
25 3
26 2
27 2
28 4
29 4
30 1
31 1
X
12
22 1
23 1
24 2
25 2
26 2
27 2
28 4
29 4
30 2
31 2
X
13
22 1
23 1
24 2
25 2
26 2
27 2
28 4
29 4
30 2
31 2
X
14
22 3
23 3
24 3
25 3
26 1
27 1
28 2
29 2
30 4
31 4
X
15
22 3
23 3
24 3
25 3
26 1
27 1
28 2
29 2
30 4
31 4
X
16
22 1
23 1
24 2
25 2
26 4
27 4
28 2
29 2
30 1
31 1
X
17
22 1
23 1
24 2
25 2
26 4
27 4
28 2
29 2
30 1
31 1
X
18
22 3
23 3
24 1
25 1
26 2
27 2
28 4
29 4
30 2
31 2
X
19
22 3
23 3
24 1
25 1
26 2
27 2
28 4
29 4
30 2
31 2
X
20
24 3
25 3
26 1
27 1
28 4
29 4
30 4
31 4
X
21
24 3
25 3
26 1
27 1
28 4
29 4
30 4
31 4
X
22
24 3
25 3
26 1
27 1
28 2
29 2
30 2
31 2
X
23
24 3
25 3
26 1
27 1
28 2
29 2
30 2
31 2
X
24
26 1
27 1
28 2
29 2
30 1
31 1
X
25
26 1
27 1
28 2
29 2
30 1
31 1
X
26
X
27
X
28
X
29
X
30
X
31
X
