29 29 29 0
21 21 21 1
23 23 23 2
26 26 26 3
24 24 24 4
38 38 38 5
66 66 66 6
63 63 63 7
27 27 27 8
53 53 53 9
40 40 40 10
55 55 55 11
44 44 44 12
48 48 48 13
46 46 46 14
35 35 35 15
67 67 67 16
58 58 58 17
80 80 80 18
94 94 94 19
111 111 111 20
113 113 113 21
107 107 107 22
61 61 61 23
97 97 97 24
103 103 103 25
32 32 32 26
43 43 43 27
19 19 19 28
0 0 0 29
25 25 25 30
125 125 125 31
9 9 9 32
85 85 85 33
117 117 117 34
30 30 30 35
133 133 133 36
33 33 33 37
70 70 70 38
50 50 50 39
18 18 18 40
69 69 69 41
78 78 78 42
51 51 51 43
77 77 77 44
79 79 79 45
57 57 57 46
64 64 64 47
121 121 121 48
72 72 72 49
P
0
0 0
1 0
2 0
3 0
4 1
5 1
6 2
7 2
8 0
9 0
10 1
11 1
12 3
13 3
14 4
15 4
16 4
17 4
18 5
19 5
20 5
21 5
22 5
23 5
24 6
25 6
26 6
27 6
28 6
29 6
30 7
31 7
X
1
0 0
1 0
2 0
3 0
4 1
5 1
6 2
7 2
8 0
9 0
10 1
11 1
12 3
13 3
14 4
15 4
16 4
17 4
18 5
19 5
20 5
21 5
22 5
23 5
24 6
25 6
26 6
27 6
28 6
29 6
30 7
31 7
X
2
0 8
1 8
2 9
3 9
4 10
5 10
6 10
7 10
8 11
9 11
10 12
11 12
12 13
13 13
14 14
15 14
16 15
17 15
18 16
19 16
20 17
21 17
22 18
23 18
24 19
25 19
26 20
27 20
28 21
29 21
30 22
31 22
X
3
0 8
1 8
2 9
3 9
4 10
5 10
6 10
7 10
8 11
9 11
10 12
11 12
12 13
13 13
14 14
15 14
16 15
17 15
18 16
19 16
20 17
21 17
22 18
23 18
24 19
25 19
26 20
27 20
28 21
29 21
30 22
31 22
X
4
0 8
1 8
2 12
3 12
4 17
5 17
6 14
7 14
8 17
9 17
10 23
11 23
12 23
13 23
14 14
15 14
16 17
17 17
18 19
19 19
20 24
21 24
22 25
23 25
24 21
25 21
26 26
27 26
28 26
29 26
30 3
31 3
X
5
0 8
1 8
2 12
3 12
4 17
5 17
6 14
7 14
8 17
9 17
10 23
11 23
12 23
13 23
14 14
15 14
16 17
17 17
18 19
19 19
20 24
21 24
22 25
23 25
24 21
25 21
26 26
27 26
28 26
29 26
30 3
31 3
X
6
0 3
1 3
2 13
3 13
4 27
5 27
6 11
7 11
8 5
9 5
10 1
11 1
12 1
13 1
14 28
15 28
16 7
17 7
18 22
19 22
20 22
21 22
22 20
23 20
24 26
25 26
X
7
0 3
1 3
2 13
3 13
4 27
5 27
6 11
7 11
8 5
9 5
10 1
11 1
12 1
13 1
14 28
15 28
16 7
17 7
18 22
19 22
20 22
21 22
22 20
23 20
24 26
25 26
X
8
0 30
1 30
2 15
3 15
4 13
5 13
6 9
7 9
8 8
9 8
14 11
15 11
16 14
17 14
18 22
19 22
20 31
21 31
22 26
23 26
X
9
0 30
1 30
2 15
3 15
4 13
5 13
6 9
7 9
8 8
9 8
14 11
15 11
16 14
17 14
18 22
19 22
20 31
21 31
22 26
23 26
X
10
0 4
1 4
2 27
3 27
4 16
5 16
6 28
7 28
12 32
13 32
14 33
15 33
16 16
17 16
18 34
19 34
20 21
21 21
22 35
23 35
X
11
0 4
1 4
2 27
3 27
4 16
5 16
6 28
7 28
12 32
13 32
14 33
15 33
16 16
17 16
18 34
19 34
20 21
21 21
22 35
23 35
X
12
0 2
1 2
2 11
3 11
4 16
5 16
6 3
7 3
12 32
13 32
14 18
15 18
16 6
17 6
18 36
19 36
20 37
21 37
X
13
0 2
1 2
2 11
3 11
4 16
5 16
6 3
7 3
12 32
13 32
14 18
15 18
16 6
17 6
18 36
19 36
20 37
21 37
X
14
0 2
1 2
2 11
3 11
4 17
5 17
6 3
7 3
12 32
13 32
14 18
15 18
16 38
17 38
18 36
19 36
20 37
21 37
X
15
0 2
1 2
2 11
3 11
4 17
5 17
6 3
7 3
12 32
13 32
14 18
15 18
16 38
17 38
18 36
19 36
20 37
21 37
X
16
0 28
1 28
2 5
3 5
4 39
5 39
6 40
7 40
12 32
13 32
14 18
15 18
16 41
17 41
18 36
19 36
20 26
21 26
X
17
0 28
1 28
2 5
3 5
4 39
5 39
6 40
7 40
12 32
13 32
14 18
15 18
16 41
17 41
18 36
19 36
20 26
21 26
X
18
0 35
1 35
2 13
3 13
4 10
5 10
6 1
7 1
12 32
13 32
14 42
15 42
16 41
17 41
18 36
19 36
20 37
21 37
X
19
0 35
1 35
2 13
3 13
4 10
5 10
6 1
7 1
12 32
13 32
14 42
15 42
16 41
17 41
18 36
19 36
20 37
21 37
X
20
0 0
1 0
2 39
3 39
4 7
5 7
6 40
7 40
12 32
13 32
14 42
15 42
16 16
17 16
18 34
19 34
20 21
21 21
22 26
23 26
X
21
0 0
1 0
2 39
3 39
4 7
5 7
6 40
7 40
12 32
13 32
14 42
15 42
16 16
17 16
18 34
19 34
20 21
21 21
22 26
23 26
X
22
0 8
1 8
2 13
3 13
4 23
5 23
6 37
7 37
8 0
9 0
14 43
15 43
16 5
17 5
18 22
19 22
20 31
21 31
22 26
23 26
X
23
0 8
1 8
2 13
3 13
4 23
5 23
6 37
7 37
8 0
9 0
14 43
15 43
16 5
17 5
18 22
19 22
20 31
21 31
22 26
23 26
X
24
0 2
1 2
2 27
3 27
4 14
5 14
6 43
7 43
8 10
9 10
10 44
11 44
12 42
13 42
14 45
15 45
16 46
17 46
18 22
19 22
20 25
21 25
22 20
23 20
24 37
25 37
X
25
0 2
1 2
2 27
3 27
4 14
5 14
6 43
7 43
8 10
9 10
10 44
11 44
12 42
13 42
14 45
15 45
16 46
17 46
18 22
19 22
20 25
21 25
22 20
23 20
24 37
25 37
X
26
0 28
1 28
2 15
3 15
4 17
5 17
6 6
7 6
8 47
9 47
10 43
11 43
12 47
13 47
14 12
15 12
16 14
17 14
18 19
19 19
20 19
21 19
22 25
23 25
24 31
25 31
26 31
27 31
28 31
29 31
30 48
31 48
X
27
0 28
1 28
2 15
3 15
4 17
5 17
6 6
7 6
8 47
9 47
10 43
11 43
12 47
13 47
14 12
15 12
16 14
17 14
18 19
19 19
20 19
21 19
22 25
23 25
24 31
25 31
26 31
27 31
28 31
29 31
30 48
31 48
X
28
0 8
1 8
2 27
3 27
4 10
5 10
6 43
7 43
8 11
9 11
10 0
11 0
12 13
13 13
14 10
15 10
16 17
17 17
18 16
19 16
20 17
21 17
22 42
23 42
24 18
25 18
26 44
27 44
28 18
29 18
30 49
31 49
X
29
0 8
1 8
2 27
3 27
4 10
5 10
6 43
7 43
8 11
9 11
10 0
11 0
12 13
13 13
14 10
15 10
16 17
17 17
18 16
19 16
20 17
21 17
22 42
23 42
24 18
25 18
26 44
27 44
28 18
29 18
30 49
31 49
X
30
0 3
1 3
2 3
3 3
4 30
5 30
6 1
7 1
8 28
9 28
10 28
11 28
12 40
13 40
14 35
15 35
16 35
17 35
18 26
19 26
20 30
21 30
22 3
23 3
24 2
25 2
26 3
27 3
28 2
29 2
30 3
31 3
X
31
0 3
1 3
2 3
3 3
4 30
5 30
6 1
7 1
8 28
9 28
10 28
11 28
12 40
13 40
14 35
15 35
16 35
17 35
18 26
19 26
20 30
21 30
22 3
23 3
24 2
25 2
26 3
27 3
28 2
29 2
30 3
31 3
X
F
