56 56 56 0
41 41 41 1
45 45 45 2
50 50 50 3
47 47 47 4
76 76 76 5
138 138 138 6
131 131 131 7
53 53 53 8
109 109 109 9
81 81 81 10
113 113 113 11
89 89 89 12
97 97 97 13
93 93 93 14
69 69 69 15
142 142 142 16
121 121 121 17
170 170 170 18
197 197 197 19
222 222 222 20
224 224 224 21
217 217 217 22
127 127 127 23
203 203 203 24
212 212 212 25
62 62 62 26
86 86 86 27
37 37 37 28
0 0 0 29
48 48 48 30
236 236 236 31
17 17 17 32
182 182 182 33
229 229 229 34
59 59 59 35
140 140 140 36
242 242 242 37
66 66 66 38
148 148 148 39
101 101 101 40
34 34 34 41
145 145 145 42
166 166 166 43
105 105 105 44
163 163 163 45
168 168 168 46
119 119 119 47
134 134 134 48
233 233 233 49
152 152 152 50
P
0
0 0
1 0
2 0
3 0
4 1
5 1
6 2
7 2
8 0
9 0
10 1
11 1
12 3
13 3
14 4
15 4
16 4
17 4
18 5
19 5
20 5
21 5
22 5
23 5
24 6
25 6
26 6
27 6
28 6
29 6
30 7
31 7
X
1
0 0
1 0
2 0
3 0
4 1
5 1
6 2
7 2
8 0
9 0
10 1
11 1
12 3
13 3
14 4
15 4
16 4
17 4
18 5
19 5
20 5
21 5
22 5
23 5
24 6
25 6
26 6
27 6
28 6
29 6
30 7
31 7
X
2
0 8
1 8
2 9
3 9
4 10
5 10
6 10
7 10
8 11
9 11
10 12
11 12
12 13
13 13
14 14
15 14
16 15
17 15
18 16
19 16
20 17
21 17
22 18
23 18
24 19
25 19
26 20
27 20
28 21
29 21
30 22
31 22
X
3
0 8
1 8
2 9
3 9
4 10
5 10
6 10
7 10
8 11
9 11
10 12
11 12
12 13
13 13
14 14
15 14
16 15
17 15
18 16
19 16
20 17
21 17
22 18
23 18
24 19
25 19
26 20
27 20
28 21
29 21
30 22
31 22
X
4
0 8
1 8
2 12
3 12
4 17
5 17
6 14
7 14
8 17
9 17
10 23
11 23
12 23
13 23
14 14
15 14
16 17
17 17
18 19
19 19
20 24
21 24
22 25
23 25
24 21
25 21
26 26
27 26
28 26
29 26
30 3
31 3
X
5
0 8
1 8
2 12
3 12
4 17
5 17
6 14
7 14
8 17
9 17
10 23
11 23
12 23
13 23
14 14
15 14
16 17
17 17
18 19
19 19
20 24
21 24
22 25
23 25
24 21
25 21
26 26
27 26
28 26
29 26
30 3
31 3
X
6
0 3
1 3
2 13
3 13
4 27
5 27
6 11
7 11
8 5
9 5
10 1
11 1
12 1
13 1
14 28
15 28
16 7
17 7
18 22
19 22
20 22
21 22
22 20
23 20
24 26
25 26
X
7
0 3
1 3
2 13
3 13
4 27
5 27
6 11
7 11
8 5
9 5
10 1
11 1
12 1
13 1
14 28
15 28
16 7
17 7
18 22
19 22
20 22
21 22
22 20
23 20
24 26
25 26
X
8
0 30
1 30
2 15
3 15
4 13
5 13
6 9
7 9
8 8
9 8
14 11
15 11
16 14
17 14
18 22
19 22
20 31
21 31
22 26
23 26
X
9
0 30
1 30
2 15
3 15
4 13
5 13
6 9
7 9
8 8
9 8
14 11
15 11
16 14
17 14
18 22
19 22
20 31
21 31
22 26
23 26
X
10
0 4
1 4
2 27
3 27
4 16
5 16
6 28
7 28
12 32
13 32
14 33
15 33
16 16
17 16
18 34
19 34
20 21
21 21
22 35
23 35
X
11
0 4
1 4
2 27
3 27
4 16
5 16
6 28
7 28
12 32
13 32
14 33
15 33
16 16
17 16
18 34
19 34
20 21
21 21
22 35
23 35
X
12
0 2
1 2
2 11
3 11
4 16
5 16
6 3
7 3
12 32
13 32
14 18
15 18
16 36
17 36
18 37
19 37
20 38
21 38
X
13
0 2
1 2
2 11
3 11
4 16
5 16
6 3
7 3
12 32
13 32
14 18
15 18
16 36
17 36
18 37
19 37
20 38
21 38
X
14
0 2
1 2
2 11
3 11
4 17
5 17
6 3
7 3
12 32
13 32
14 18
15 18
16 39
17 39
18 37
19 37
20 38
21 38
X
15
0 2
1 2
2 11
3 11
4 17
5 17
6 3
7 3
12 32
13 32
14 18
15 18
16 39
17 39
18 37
19 37
20 38
21 38
X
16
0 28
1 28
2 5
3 5
4 40
5 40
6 41
7 41
12 32
13 32
14 18
15 18
16 42
17 42
18 37
19 37
20 26
21 26
X
17
0 28
1 28
2 5
3 5
4 40
5 40
6 41
7 41
12 32
13 32
14 18
15 18
16 42
17 42
18 37
19 37
20 26
21 26
X
18
0 35
1 35
2 13
3 13
4 10
5 10
6 1
7 1
12 32
13 32
14 43
15 43
16 42
17 42
18 37
19 37
20 38
21 38
X
19
0 35
1 35
2 13
3 13
4 10
5 10
6 1
7 1
12 32
13 32
14 43
15 43
16 42
17 42
18 37
19 37
20 38
21 38
X
20
0 0
1 0
2 40
3 40
4 7
5 7
6 41
7 41
12 32
13 32
14 43
15 43
16 16
17 16
18 34
19 34
20 21
21 21
22 26
23 26
X
21
0 0
1 0
2 40
3 40
4 7
5 7
6 41
7 41
12 32
13 32
14 43
15 43
16 16
17 16
18 34
19 34
20 21
21 21
22 26
23 26
X
22
0 8
1 8
2 13
3 13
4 23
5 23
6 38
7 38
8 0
9 0
14 44
15 44
16 5
17 5
18 22
19 22
20 31
21 31
22 26
23 26
X
23
0 8
1 8
2 13
3 13
4 23
5 23
6 38
7 38
8 0
9 0
14 44
15 44
16 5
17 5
18 22
19 22
20 31
21 31
22 26
23 26
X
24
0 2
1 2
2 27
3 27
4 14
5 14
6 44
7 44
8 10
9 10
10 45
11 45
12 43
13 43
14 46
15 46
16 47
17 47
18 22
19 22
20 25
21 25
22 20
23 20
24 38
25 38
X
25
0 2
1 2
2 27
3 27
4 14
5 14
6 44
7 44
8 10
9 10
10 45
11 45
12 43
13 43
14 46
15 46
16 47
17 47
18 22
19 22
20 25
21 25
22 20
23 20
24 38
25 38
X
26
0 28
1 28
2 15
3 15
4 17
5 17
6 6
7 6
8 48
9 48
10 44
11 44
12 48
13 48
14 12
15 12
16 14
17 14
18 19
19 19
20 19
21 19
22 25
23 25
24 31
25 31
26 31
27 31
28 31
29 31
30 49
31 49
X
27
0 28
1 28
2 15
3 15
4 17
5 17
6 6
7 6
8 48
9 48
10 44
11 44
12 48
13 48
14 12
15 12
16 14
17 14
18 19
19 19
20 19
21 19
22 25
23 25
24 31
25 31
26 31
27 31
28 31
29 31
30 49
31 49
X
28
0 8
1 8
2 27
3 27
4 10
5 10
6 44
7 44
8 11
9 11
10 0
11 0
12 13
13 13
14 10
15 10
16 17
17 17
18 16
19 16
20 17
21 17
22 43
23 43
24 18
25 18
26 45
27 45
28 18
29 18
30 50
31 50
X
29
0 8
1 8
2 27
3 27
4 10
5 10
6 44
7 44
8 11
9 11
10 0
11 0
12 13
13 13
14 10
15 10
16 17
17 17
18 16
19 16
20 17
21 17
22 43
23 43
24 18
25 18
26 45
27 45
28 18
29 18
30 50
31 50
X
30
0 3
1 3
2 3
3 3
4 30
5 30
6 1
7 1
8 28
9 28
10 28
11 28
12 41
13 41
14 35
15 35
16 35
17 35
18 26
19 26
20 30
21 30
22 3
23 3
24 2
25 2
26 3
27 3
28 2
29 2
30 3
31 3
X
31
0 3
1 3
2 3
3 3
4 30
5 30
6 1
7 1
8 28
9 28
10 28
11 28
12 41
13 41
14 35
15 35
16 35
17 35
18 26
19 26
20 30
21 30
22 3
23 3
24 2
25 2
26 3
27 3
28 2
29 2
30 3
31 3
X
F
