163 205 157 0
46 149 70 1
70 197 54 2
9 186 8 3
77 229 82 4
137 194 149 5
138 194 149 6
194 226 187 7
27 163 55 8
45 148 69 9
8 185 7 10
77 229 84 11
195 225 187 12
96 136 102 13
97 137 103 14
0 0 0 15
88 159 93 16
131 204 131 17
6 147 7 18
96 225 96 19
126 224 137 20
69 127 69 21
27 215 69 22
14 114 16 23
111 220 93 24
198 211 194 25
14 114 15 26
95 137 101 27
157 239 157 28
210 210 210 29
220 220 220 30
178 205 174 31
101 205 84 32
P
0
0 0
1 0
2 0
3 0
4 1
5 1
6 1
7 1
8 2
9 2
10 2
11 2
12 3
13 3
14 3
15 3
16 4
17 4
18 4
19 4
20 5
21 6
22 6
23 6
24 7
25 7
26 7
27 7
28 8
29 8
30 8
31 8
X
1
0 0
1 0
2 0
3 0
4 1
5 1
6 1
7 1
8 2
9 2
10 2
11 2
12 3
13 3
14 3
15 3
16 4
17 4
18 4
19 4
20 5
21 6
22 6
23 6
24 7
25 7
26 7
27 7
28 8
29 8
30 8
31 8
X
2
0 0
1 0
2 0
3 0
4 1
5 1
6 1
7 1
8 2
9 2
10 2
11 2
12 3
13 3
14 3
15 3
16 4
17 4
18 4
19 4
20 5
21 6
22 6
23 6
24 7
25 7
26 7
27 7
28 8
29 8
30 8
31 8
X
3
0 0
1 0
2 0
3 0
4 9
5 9
6 9
7 9
8 2
9 2
10 2
11 2
12 10
13 10
14 10
15 10
16 11
17 11
18 11
19 11
20 5
21 6
22 6
23 6
24 12
25 12
26 12
27 12
28 8
29 8
30 8
31 8
X
4
0 2
1 2
2 2
3 2
4 13
5 14
6 14
7 14
16 2
17 2
18 2
19 2
20 9
21 1
22 1
23 1
24 16
25 16
26 16
27 16
28 0
29 0
30 0
31 0
X
5
0 2
1 2
2 2
3 2
4 13
5 14
6 14
7 14
16 2
17 2
18 2
19 2
20 9
21 1
22 1
23 1
24 16
25 16
26 16
27 16
28 0
29 0
30 0
31 0
X
6
0 2
1 2
2 2
3 2
4 13
5 14
6 14
7 14
16 2
17 2
18 2
19 2
20 9
21 1
22 1
23 1
24 16
25 16
26 16
27 16
28 0
29 0
30 0
31 0
X
7
0 2
1 2
2 2
3 2
4 13
5 14
6 14
7 14
16 2
17 2
18 2
19 2
20 9
21 1
22 1
23 1
24 16
25 16
26 16
27 16
28 0
29 0
30 0
31 0
X
8
0 17
1 17
2 17
3 17
4 18
5 18
6 18
7 18
16 19
17 19
18 19
19 19
X
9
0 17
1 17
2 17
3 17
4 18
5 18
6 18
7 18
16 19
17 19
18 19
19 19
X
10
0 17
1 17
2 17
3 17
4 18
5 18
6 18
7 18
16 19
17 19
18 19
19 19
X
11
0 17
1 17
2 17
3 17
4 18
5 18
6 18
7 18
16 19
17 19
18 19
19 19
X
12
0 6
1 6
2 6
3 6
4 2
5 2
6 2
7 2
8 0
9 0
10 0
11 0
12 8
13 8
14 8
15 8
28 20
29 20
30 20
31 20
X
13
0 6
1 6
2 6
3 6
4 2
5 2
6 2
7 2
8 0
9 0
10 0
11 0
12 8
13 8
14 8
15 8
28 20
29 20
30 20
31 20
X
14
0 6
1 6
2 6
3 6
4 2
5 2
6 2
7 2
8 0
9 0
10 0
11 0
12 8
13 8
14 8
15 8
28 20
29 20
30 20
31 20
X
15
0 6
1 6
2 6
3 6
4 2
5 2
6 2
7 2
8 0
9 0
10 0
11 0
12 8
13 8
14 8
15 8
28 20
29 20
30 20
31 20
X
16
0 19
1 19
2 19
3 19
4 21
5 21
6 21
7 21
8 22
9 22
10 22
11 22
12 23
13 23
14 23
15 23
28 12
29 7
30 7
31 7
X
17
0 19
1 19
2 19
3 19
4 21
5 21
6 21
7 21
8 22
9 22
10 22
11 22
12 23
13 23
14 23
15 23
28 12
29 7
30 7
31 7
X
18
0 19
1 19
2 19
3 19
4 21
5 21
6 21
7 21
8 22
9 22
10 22
11 22
12 23
13 23
14 23
15 23
28 12
29 7
30 7
31 7
X
19
0 19
1 19
2 19
3 19
4 21
5 21
6 21
7 21
8 22
9 22
10 22
11 22
12 23
13 23
14 23
15 23
28 12
29 7
30 7
31 7
X
20
0 24
1 24
2 24
3 24
4 24
5 24
6 24
7 24
16 25
17 25
18 25
19 25
X
21
0 24
1 24
2 24
3 24
4 24
5 24
6 24
7 24
16 25
17 25
18 25
19 25
X
22
0 24
1 24
2 24
3 24
4 24
5 24
6 24
7 24
16 25
17 25
18 25
19 25
X
23
0 24
1 24
2 24
3 24
4 24
5 24
6 24
7 24
16 25
17 25
18 25
19 25
X
24
0 0
1 0
2 0
3 0
4 26
5 23
6 23
7 23
16 19
17 19
18 19
19 19
20 27
21 14
22 14
23 14
24 28
25 28
26 28
27 28
28 2
29 2
30 2
31 2
X
25
0 0
1 0
2 0
3 0
4 26
5 23
6 23
7 23
16 19
17 19
18 19
19 19
20 27
21 14
22 14
23 14
24 28
25 28
26 28
27 28
28 2
29 2
30 2
31 2
X
26
0 0
1 0
2 0
3 0
4 26
5 23
6 23
7 23
16 19
17 19
18 19
19 19
20 27
21 14
22 14
23 14
24 28
25 28
26 28
27 28
28 2
29 2
30 2
31 2
X
27
0 0
1 0
2 0
3 0
4 26
5 23
6 23
7 23
16 19
17 19
18 19
19 19
20 27
21 14
22 14
23 14
24 28
25 28
26 28
27 28
28 2
29 2
30 2
31 2
X
28
0 1
1 1
2 1
3 1
4 29
5 29
6 29
7 29
8 30
9 30
10 30
11 30
12 4
13 4
14 4
15 4
16 2
17 2
18 2
19 2
20 31
21 31
22 31
23 31
24 1
25 1
26 1
27 1
28 32
29 32
30 32
31 32
X
29
0 1
1 1
2 1
3 1
4 29
5 29
6 29
7 29
8 30
9 30
10 30
11 30
12 4
13 4
14 4
15 4
16 2
17 2
18 2
19 2
20 31
21 31
22 31
23 31
24 1
25 1
26 1
27 1
28 32
29 32
30 32
31 32
X
30
0 1
1 1
2 1
3 1
4 29
5 29
6 29
7 29
8 30
9 30
10 30
11 30
12 4
13 4
14 4
15 4
16 2
17 2
18 2
19 2
20 31
21 31
22 31
23 31
24 1
25 1
26 1
27 1
28 32
29 32
30 32
31 32
X
31
0 1
1 1
2 1
3 1
4 29
5 29
6 29
7 29
8 30
9 30
10 30
11 30
12 4
13 4
14 4
15 4
16 2
17 2
18 2
19 2
20 31
21 31
22 31
23 31
24 1
25 1
26 1
27 1
28 32
29 32
30 32
31 32
X
F
