47 32 13 0
43 30 13 1
170 125 102 2
180 132 109 3
156 99 70 4
144 94 67 5
111 69 44 6
182 137 108 7
255 255 255 8
179 123 98 9
150 95 64 10
109 67 42 11
47 31 15 12
189 142 114 13
82 61 137 14
183 130 114 15
65 33 12 16
40 28 11 17
51 36 17 18
198 150 128 19
173 128 109 20
181 123 103 21
106 64 48 22
138 76 61 23
66 29 10 24
36 24 8 25
66 42 18 26
189 139 114 27
156 114 92 28
187 137 114 29
69 34 14 30
38 26 10 31
63 42 21 32
189 142 116 33
190 136 108 34
44 30 14 35
172 118 90 36
156 105 76 37
162 106 71 38
143 94 62 39
131 85 59 40
42 29 13 41
52 37 18 42
128 83 52 43
129 83 57 44
122 78 51 45
P
0
0 0
1 0
2 0
3 0
4 1
5 1
6 1
7 1
8 1
9 1
10 1
11 1
12 2
13 2
14 2
15 2
16 3
17 3
18 3
19 3
20 4
21 4
22 4
23 4
24 5
25 5
26 5
27 5
28 6
29 6
30 6
31 6
X
1
0 0
1 0
2 0
3 0
4 1
5 1
6 1
7 1
8 1
9 1
10 1
11 1
12 2
13 2
14 2
15 2
16 3
17 3
18 3
19 3
20 4
21 4
22 4
23 4
24 5
25 5
26 5
27 5
28 6
29 6
30 6
31 6
X
2
0 0
1 0
2 0
3 0
4 1
5 1
6 1
7 1
8 1
9 1
10 1
11 1
12 2
13 2
14 2
15 2
16 3
17 3
18 3
19 3
20 4
21 4
22 4
23 4
24 5
25 5
26 5
27 5
28 6
29 6
30 6
31 6
X
3
0 0
1 0
2 0
3 0
4 1
5 1
6 1
7 1
8 1
9 1
10 1
11 1
12 2
13 2
14 2
15 2
16 3
17 3
18 3
19 3
20 4
21 4
22 4
23 4
24 5
25 5
26 5
27 5
28 6
29 6
30 6
31 6
X
4
0 1
1 1
2 1
3 1
4 1
5 1
6 1
7 1
8 7
9 7
10 7
11 7
12 3
13 3
14 3
15 3
16 8
17 8
18 8
19 8
20 9
21 9
22 9
23 9
24 10
25 10
26 10
27 10
28 11
29 11
30 11
31 11
X
5
0 1
1 1
2 1
3 1
4 1
5 1
6 1
7 1
8 7
9 7
10 7
11 7
12 3
13 3
14 3
15 3
16 8
17 8
18 8
19 8
20 9
21 9
22 9
23 9
24 10
25 10
26 10
27 10
28 11
29 11
30 11
31 11
X
6
0 1
1 1
2 1
3 1
4 1
5 1
6 1
7 1
8 7
9 7
10 7
11 7
12 3
13 3
14 3
15 3
16 8
17 8
18 8
19 8
20 9
21 9
22 9
23 9
24 10
25 10
26 10
27 10
28 11
29 11
30 11
31 11
X
7
0 1
1 1
2 1
3 1
4 1
5 1
6 1
7 1
8 7
9 7
10 7
11 7
12 3
13 3
14 3
15 3
16 8
17 8
18 8
19 8
20 9
21 9
22 9
23 9
24 10
25 10
26 10
27 10
28 11
29 11
30 11
31 11
X
8
0 12
1 12
2 12
3 12
4 1
5 1
6 1
7 1
8 13
9 13
10 13
11 13
12 2
13 2
14 2
15 2
16 14
17 14
18 14
19 14
20 15
21 15
22 15
23 15
24 16
25 16
26 16
27 16
28 16
29 16
30 16
31 16
X
9
0 12
1 12
2 12
3 12
4 1
5 1
6 1
7 1
8 13
9 13
10 13
11 13
12 2
13 2
14 2
15 2
16 14
17 14
18 14
19 14
20 15
21 15
22 15
23 15
24 16
25 16
26 16
27 16
28 16
29 16
30 16
31 16
X
10
0 12
1 12
2 12
3 12
4 1
5 1
6 1
7 1
8 13
9 13
10 13
11 13
12 2
13 2
14 2
15 2
16 14
17 14
18 14
19 14
20 15
21 15
22 15
23 15
24 16
25 16
26 16
27 16
28 16
29 16
30 16
31 16
X
11
0 12
1 12
2 12
3 12
4 1
5 1
6 1
7 1
8 13
9 13
10 13
11 13
12 2
13 2
14 2
15 2
16 14
17 14
18 14
19 14
20 15
21 15
22 15
23 15
24 16
25 16
26 16
27 16
28 16
29 16
30 16
31 16
X
12
0 17
1 17
2 17
3 17
4 18
5 18
6 18
7 18
8 19
9 19
10 19
11 19
12 20
13 20
14 20
15 20
16 21
17 21
18 21
19 21
20 22
21 22
22 22
23 22
24 23
25 23
26 23
27 23
28 24
29 24
30 24
31 24
X
13
0 17
1 17
2 17
3 17
4 18
5 18
6 18
7 18
8 19
9 19
10 19
11 19
12 20
13 20
14 20
15 20
16 21
17 21
18 21
19 21
20 22
21 22
22 22
23 22
24 23
25 23
26 23
27 23
28 24
29 24
30 24
31 24
X
14
0 17
1 17
2 17
3 17
4 18
5 18
6 18
7 18
8 19
9 19
10 19
11 19
12 20
13 20
14 20
15 20
16 21
17 21
18 21
19 21
20 22
21 22
22 22
23 22
24 23
25 23
26 23
27 23
28 24
29 24
30 24
31 24
X
15
0 17
1 17
2 17
3 17
4 18
5 18
6 18
7 18
8 19
9 19
10 19
11 19
12 20
13 20
14 20
15 20
16 21
17 21
18 21
19 21
20 22
21 22
22 22
23 22
24 23
25 23
26 23
27 23
28 24
29 24
30 24
31 24
X
16
0 25
1 25
2 25
3 25
4 26
5 26
6 26
7 26
8 27
9 27
10 27
11 27
12 28
13 28
14 28
15 28
16 29
17 29
18 29
19 29
20 22
21 22
22 22
23 22
24 23
25 23
26 23
27 23
28 30
29 30
30 30
31 30
X
17
0 25
1 25
2 25
3 25
4 26
5 26
6 26
7 26
8 27
9 27
10 27
11 27
12 28
13 28
14 28
15 28
16 29
17 29
18 29
19 29
20 22
21 22
22 22
23 22
24 23
25 23
26 23
27 23
28 30
29 30
30 30
31 30
X
18
0 25
1 25
2 25
3 25
4 26
5 26
6 26
7 26
8 27
9 27
10 27
11 27
12 28
13 28
14 28
15 28
16 29
17 29
18 29
19 29
20 22
21 22
22 22
23 22
24 23
25 23
26 23
27 23
28 30
29 30
30 30
31 30
X
19
0 25
1 25
2 25
3 25
4 26
5 26
6 26
7 26
8 27
9 27
10 27
11 27
12 28
13 28
14 28
15 28
16 29
17 29
18 29
19 29
20 22
21 22
22 22
23 22
24 23
25 23
26 23
27 23
28 30
29 30
30 30
31 30
X
20
0 31
1 31
2 31
3 31
4 32
5 32
6 32
7 32
8 33
9 33
10 33
11 33
12 29
13 29
14 29
15 29
16 14
17 14
18 14
19 14
20 34
21 34
22 34
23 34
24 30
25 30
26 30
27 30
28 30
29 30
30 30
31 30
X
21
0 31
1 31
2 31
3 31
4 32
5 32
6 32
7 32
8 33
9 33
10 33
11 33
12 29
13 29
14 29
15 29
16 14
17 14
18 14
19 14
20 34
21 34
22 34
23 34
24 30
25 30
26 30
27 30
28 30
29 30
30 30
31 30
X
22
0 31
1 31
2 31
3 31
4 32
5 32
6 32
7 32
8 33
9 33
10 33
11 33
12 29
13 29
14 29
15 29
16 14
17 14
18 14
19 14
20 34
21 34
22 34
23 34
24 30
25 30
26 30
27 30
28 30
29 30
30 30
31 30
X
23
0 31
1 31
2 31
3 31
4 32
5 32
6 32
7 32
8 33
9 33
10 33
11 33
12 29
13 29
14 29
15 29
16 14
17 14
18 14
19 14
20 34
21 34
22 34
23 34
24 30
25 30
26 30
27 30
28 30
29 30
30 30
31 30
X
24
0 1
1 1
2 1
3 1
4 35
5 35
6 35
7 35
8 36
9 36
10 36
11 36
12 37
13 37
14 37
15 37
16 8
17 8
18 8
19 8
20 38
21 38
22 38
23 38
24 39
25 39
26 39
27 39
28 40
29 40
30 40
31 40
X
25
0 1
1 1
2 1
3 1
4 35
5 35
6 35
7 35
8 36
9 36
10 36
11 36
12 37
13 37
14 37
15 37
16 8
17 8
18 8
19 8
20 38
21 38
22 38
23 38
24 39
25 39
26 39
27 39
28 40
29 40
30 40
31 40
X
26
0 1
1 1
2 1
3 1
4 35
5 35
6 35
7 35
8 36
9 36
10 36
11 36
12 37
13 37
14 37
15 37
16 8
17 8
18 8
19 8
20 38
21 38
22 38
23 38
24 39
25 39
26 39
27 39
28 40
29 40
30 40
31 40
X
27
0 1
1 1
2 1
3 1
4 35
5 35
6 35
7 35
8 36
9 36
10 36
11 36
12 37
13 37
14 37
15 37
16 8
17 8
18 8
19 8
20 38
21 38
22 38
23 38
24 39
25 39
26 39
27 39
28 40
29 40
30 40
31 40
X
28
0 41
1 41
2 41
3 41
4 17
5 17
6 17
7 17
8 42
9 42
10 42
11 42
12 37
13 37
14 37
15 37
16 2
17 2
18 2
19 2
20 43
21 43
22 43
23 43
24 44
25 44
26 44
27 44
28 45
29 45
30 45
31 45
X
29
0 41
1 41
2 41
3 41
4 17
5 17
6 17
7 17
8 42
9 42
10 42
11 42
12 37
13 37
14 37
15 37
16 2
17 2
18 2
19 2
20 43
21 43
22 43
23 43
24 44
25 44
26 44
27 44
28 45
29 45
30 45
31 45
X
30
0 41
1 41
2 41
3 41
4 17
5 17
6 17
7 17
8 42
9 42
10 42
11 42
12 37
13 37
14 37
15 37
16 2
17 2
18 2
19 2
20 43
21 43
22 43
23 43
24 44
25 44
26 44
27 44
28 45
29 45
30 45
31 45
X
31
0 41
1 41
2 41
3 41
4 17
5 17
6 17
7 17
8 42
9 42
10 42
11 42
12 37
13 37
14 37
15 37
16 2
17 2
18 2
19 2
20 43
21 43
22 43
23 43
24 44
25 44
26 44
27 44
28 45
29 45
30 45
31 45
X
F
