229 57 53 0
238 238 238 1
224 224 224 2
211 47 47 3
198 40 40 4
0 0 0 5
245 245 245 6
183 28 28 7
250 250 250 8
P
0
0 0
1 0
2 0
3 0
4 0
5 0
6 0
7 0
8 0
9 0
10 1
11 1
12 1
13 1
14 1
15 1
16 1
17 1
18 1
19 1
20 2
21 2
22 0
23 0
24 0
25 0
26 0
27 0
28 0
29 0
30 0
31 0
X
1
0 0
1 0
2 0
3 0
4 0
5 0
6 0
7 0
8 0
9 0
10 1
11 1
12 1
13 1
14 1
15 1
16 1
17 1
18 1
19 1
20 2
21 2
22 0
23 0
24 0
25 0
26 0
27 0
28 0
29 0
30 0
31 0
X
2
0 3
1 3
2 3
3 3
4 3
5 3
6 3
7 3
8 3
9 3
10 1
11 1
12 1
13 1
14 1
15 1
16 1
17 1
18 2
19 2
20 2
21 2
22 3
23 3
24 3
25 3
26 3
27 3
28 3
29 3
30 3
31 3
X
3
0 3
1 3
2 3
3 3
4 3
5 3
6 3
7 3
8 3
9 3
10 1
11 1
12 1
13 1
14 1
15 1
16 1
17 1
18 2
19 2
20 2
21 2
22 3
23 3
24 3
25 3
26 3
27 3
28 3
29 3
30 3
31 3
X
4
0 4
1 4
2 4
3 4
4 4
5 4
6 4
7 4
8 4
9 4
10 1
11 1
14 1
15 1
16 1
17 1
18 2
19 2
20 6
21 6
22 4
23 4
24 4
25 4
26 4
27 4
28 4
29 4
30 4
31 4
X
5
0 4
1 4
2 4
3 4
4 4
5 4
6 4
7 4
8 4
9 4
10 1
11 1
14 1
15 1
16 1
17 1
18 2
19 2
20 6
21 6
22 4
23 4
24 4
25 4
26 4
27 4
28 4
29 4
30 4
31 4
X
6
0 7
1 7
2 7
3 7
4 7
5 7
6 7
7 7
8 7
9 7
10 1
11 1
20 2
21 2
22 7
23 7
24 7
25 7
26 7
27 7
28 7
29 7
30 7
31 7
X
7
0 7
1 7
2 7
3 7
4 7
5 7
6 7
7 7
8 7
9 7
10 1
11 1
20 2
21 2
22 7
23 7
24 7
25 7
26 7
27 7
28 7
29 7
30 7
31 7
X
8
0 0
1 0
2 0
3 0
4 0
5 0
6 0
7 0
8 0
9 0
10 8
11 8
14 1
15 1
16 1
17 1
18 1
19 1
20 2
21 2
22 0
23 0
24 0
25 0
26 0
27 0
28 0
29 0
30 0
31 0
X
9
0 0
1 0
2 0
3 0
4 0
5 0
6 0
7 0
8 0
9 0
10 8
11 8
14 1
15 1
16 1
17 1
18 1
19 1
20 2
21 2
22 0
23 0
24 0
25 0
26 0
27 0
28 0
29 0
30 0
31 0
X
10
0 3
1 3
2 3
3 3
4 3
5 3
6 3
7 3
8 3
9 3
10 8
11 8
12 1
13 1
14 1
15 1
16 1
17 1
18 2
19 2
20 6
21 6
22 3
23 3
24 3
25 3
26 3
27 3
28 3
29 3
30 3
31 3
X
11
0 3
1 3
2 3
3 3
4 3
5 3
6 3
7 3
8 3
9 3
10 8
11 8
12 1
13 1
14 1
15 1
16 1
17 1
18 2
19 2
20 6
21 6
22 3
23 3
24 3
25 3
26 3
27 3
28 3
29 3
30 3
31 3
X
12
0 4
1 4
2 4
3 4
4 4
5 4
6 4
7 4
8 4
9 4
10 8
11 8
20 2
21 2
22 4
23 4
24 4
25 4
26 4
27 4
28 4
29 4
30 4
31 4
X
13
0 4
1 4
2 4
3 4
4 4
5 4
6 4
7 4
8 4
9 4
10 8
11 8
20 2
21 2
22 4
23 4
24 4
25 4
26 4
27 4
28 4
29 4
30 4
31 4
X
14
0 7
1 7
2 7
3 7
4 7
5 7
6 7
7 7
8 7
9 7
10 8
11 8
12 1
13 1
16 6
17 6
18 6
19 6
20 2
21 2
22 7
23 7
24 7
25 7
26 7
27 7
28 7
29 7
30 7
31 7
X
15
0 7
1 7
2 7
3 7
4 7
5 7
6 7
7 7
8 7
9 7
10 8
11 8
12 1
13 1
16 6
17 6
18 6
19 6
20 2
21 2
22 7
23 7
24 7
25 7
26 7
27 7
28 7
29 7
30 7
31 7
X
16
0 0
1 0
2 0
3 0
4 0
5 0
6 0
7 0
8 0
9 0
10 1
11 1
12 6
13 6
14 1
15 1
18 6
19 6
20 2
21 2
22 0
23 0
24 0
25 0
26 0
27 0
28 0
29 0
30 0
31 0
X
17
0 0
1 0
2 0
3 0
4 0
5 0
6 0
7 0
8 0
9 0
10 1
11 1
12 6
13 6
14 1
15 1
18 6
19 6
20 2
21 2
22 0
23 0
24 0
25 0
26 0
27 0
28 0
29 0
30 0
31 0
X
18
0 3
1 3
2 3
3 3
4 3
5 3
6 3
7 3
8 3
9 3
10 8
11 8
20 6
21 6
22 3
23 3
24 3
25 3
26 3
27 3
28 3
29 3
30 3
31 3
X
19
0 3
1 3
2 3
3 3
4 3
5 3
6 3
7 3
8 3
9 3
10 8
11 8
20 6
21 6
22 3
23 3
24 3
25 3
26 3
27 3
28 3
29 3
30 3
31 3
X
20
0 4
1 4
2 4
3 4
4 4
5 4
6 4
7 4
8 4
9 4
10 8
11 8
12 1
13 1
14 1
15 1
16 1
17 1
18 1
19 1
20 2
21 2
22 4
23 4
24 4
25 4
26 4
27 4
28 4
29 4
30 4
31 4
X
21
0 4
1 4
2 4
3 4
4 4
5 4
6 4
7 4
8 4
9 4
10 8
11 8
12 1
13 1
14 1
15 1
16 1
17 1
18 1
19 1
20 2
21 2
22 4
23 4
24 4
25 4
26 4
27 4
28 4
29 4
30 4
31 4
X
22
0 7
1 7
2 7
3 7
4 7
5 7
6 7
7 7
8 7
9 7
10 1
11 1
14 1
15 1
16 1
17 1
18 1
19 1
20 2
21 2
22 7
23 7
24 7
25 7
26 7
27 7
28 7
29 7
30 7
31 7
X
23
0 7
1 7
2 7
3 7
4 7
5 7
6 7
7 7
8 7
9 7
10 1
11 1
14 1
15 1
16 1
17 1
18 1
19 1
20 2
21 2
22 7
23 7
24 7
25 7
26 7
27 7
28 7
29 7
30 7
31 7
X
24
0 0
1 0
2 0
3 0
4 0
5 0
6 0
7 0
8 0
9 0
10 1
11 1
20 6
21 6
22 0
23 0
24 0
25 0
26 0
27 0
28 0
29 0
30 0
31 0
X
25
0 0
1 0
2 0
3 0
4 0
5 0
6 0
7 0
8 0
9 0
10 1
11 1
20 6
21 6
22 0
23 0
24 0
25 0
26 0
27 0
28 0
29 0
30 0
31 0
X
26
0 3
1 3
2 3
3 3
4 3
5 3
6 3
7 3
8 3
9 3
10 8
11 8
14 1
15 1
16 1
17 1
18 2
19 2
20 2
21 2
22 3
23 3
24 3
25 3
26 3
27 3
28 3
29 3
30 3
31 3
X
27
0 3
1 3
2 3
3 3
4 3
5 3
6 3
7 3
8 3
9 3
10 8
11 8
14 1
15 1
16 1
17 1
18 2
19 2
20 2
21 2
22 3
23 3
24 3
25 3
26 3
27 3
28 3
29 3
30 3
31 3
X
28
0 4
1 4
2 4
3 4
4 4
5 4
6 4
7 4
8 4
9 4
10 8
11 8
12 8
13 8
14 1
15 1
16 1
17 1
18 2
19 2
20 2
21 2
22 4
23 4
24 4
25 4
26 4
27 4
28 4
29 4
30 4
31 4
X
29
0 4
1 4
2 4
3 4
4 4
5 4
6 4
7 4
8 4
9 4
10 8
11 8
12 8
13 8
14 1
15 1
16 1
17 1
18 2
19 2
20 2
21 2
22 4
23 4
24 4
25 4
26 4
27 4
28 4
29 4
30 4
31 4
X
30
0 7
1 7
2 7
3 7
4 7
5 7
6 7
7 7
8 7
9 7
10 1
11 1
12 1
13 1
14 1
15 1
16 1
17 1
18 1
19 1
20 2
21 2
22 7
23 7
24 7
25 7
26 7
27 7
28 7
29 7
30 7
31 7
X
31
0 7
1 7
2 7
3 7
4 7
5 7
6 7
7 7
8 7
9 7
10 1
11 1
12 1
13 1
14 1
15 1
16 1
17 1
18 1
19 1
20 2
21 2
22 7
23 7
24 7
25 7
26 7
27 7
28 7
29 7
30 7
31 7
X
F
