4 2 4
4 2 4
4 2 4
4 2 4
4 2 4
4 2 4
4 2 4
4 2 4
4 2 4
4 2 4
4 2 4
4 2 4
4 2 4
4 2 4
4 2 4
4 2 4
4 2 4
4 2 4
4 2 4
4 2 4
4 2 4
4 2 4
4 2 4
4 2 4
35 2 4
119 3 5
35 2 4
205 2 4
252 2 4
252 2 4
251 154 5
252 188 4
4 2 4
4 2 4
4 2 4
4 2 4
4 2 4
4 2 4
4 2 4
4 2 4
4 2 4
4 2 4
4 2 4
4 2 4
4 2 4
4 2 4
4 2 4
4 2 4
4 2 4
4 2 4
4 2 4
35 2 4
51 2 4
4 2 4
4 2 4
16 2 4
252 2 4
252 2 4
205 2 4
221 2 4
252 2 4
252 2 4
251 154 5
252 188 4
4 2 4
4 2 4
4 2 4
4 2 4
4 2 4
4 2 4
4 2 4
4 2 4
4 2 4
4 2 4
4 2 4
4 2 4
4 2 4
4 2 4
4 2 4
4 2 4
4 2 4
4 2 4
4 2 4
4 2 4
16 2 4
4 2 4
4 2 4
4 2 4
35 2 4
35 2 4
16 2 4
119 3 5
252 2 4
252 2 4
251 154 5
252 199 4
4 2 4
4 2 4
4 2 4
4 2 4
4 2 4
4 2 4
4 2 4
4 2 4
4 2 4
4 2 4
4 2 4
4 2 4
4 2 4
4 2 4
4 2 4
4 2 4
4 2 4
4 2 4
4 2 4
4 2 4
4 2 4
4 2 4
4 2 4
4 2 4
4 2 4
4 2 4
4 2 4
4 2 4
66 2 4
181 68 6
251 154 5
252 221 4
4 2 4
4 2 4
4 2 4
4 2 4
4 2 4
4 2 4
4 2 4
4 2 4
4 2 4
4 2 4
4 2 4
4 2 4
4 2 4
4 2 4
4 2 4
4 2 4
4 2 4
4 2 4
4 2 4
119 3 5
4 2 4
4 2 4
4 2 4
16 2 4
84 2 4
4 2 4
4 2 4
4 2 4
102 3 4
102 3 4
251 154 5
252 221 4
4 2 4
4 2 4
4 2 4
4 2 4
4 2 4
4 2 4
4 2 4
4 2 4
4 2 4
4 2 4
4 2 4
4 2 4
4 2 4
4 2 4
4 2 4
4 2 4
4 2 4
4 2 4
4 2 4
4 2 4
4 2 4
4 2 4
51 2 4
221 2 4
84 2 4
4 2 4
35 2 4
221 2 4
251 64 4
252 188 4
252 188 4
252 240 4
4 2 4
4 2 4
4 2 4
4 2 4
4 2 4
4 2 4
4 2 4
4 2 4
4 2 4
4 2 4
4 2 4
4 2 4
4 2 4
4 2 4
4 2 4
4 2 4
4 2 4
4 2 4
4 2 4
4 2 4
4 2 4
51 2 4
51 2 4
102 3 4
228 2 4
51 2 4
16 2 4
138 3 5
138 3 5
132 94 7
252 199 4
252 249 4
4 2 4
4 2 4
4 2 4
4 2 4
4 2 4
4 2 4
4 2 4
4 2 4
4 2 4
4 2 4
4 2 4
4 2 4
4 2 4
4 2 4
4 2 4
4 2 4
4 2 4
4 2 4
4 2 4
4 2 4
4 2 4
51 2 4
35 2 4
51 2 4
66 2 4
16 2 4
4 2 4
4 2 4
4 2 4
4 2 4
252 169 4
252 249 4
4 2 4
4 2 4
4 2 4
4 2 4
4 2 4
4 2 4
4 2 4
4 2 4
4 2 4
4 2 4
4 2 4
4 2 4
4 2 4
4 2 4
4 2 4
4 2 4
4 2 4
4 2 4
4 2 4
4 2 4
4 2 4
4 2 4
4 2 4
4 2 4
4 2 4
16 2 4
138 3 5
35 2 4
4 2 4
80 54 6
251 154 5
252 221 4
4 2 4
4 2 4
4 2 4
4 2 4
4 2 4
4 2 4
4 2 4
4 2 4
4 2 4
4 2 4
4 2 4
4 2 4
4 2 4
4 2 4
4 2 4
4 2 4
4 2 4
4 2 4
4 2 4
35 2 4
66 2 4
4 2 4
84 2 4
138 3 5
4 2 4
35 2 4
221 2 4
35 2 4
4 2 4
4 2 4
252 169 4
252 221 4
4 2 4
4 2 4
4 2 4
4 2 4
4 2 4
4 2 4
4 2 4
4 2 4
4 2 4
4 2 4
4 2 4
4 2 4
4 2 4
4 2 4
4 2 4
4 2 4
4 2 4
4 2 4
4 2 4
4 2 4
4 2 4
4 2 4
4 2 4
4 2 4
4 2 4
153 2 4
153 2 4
4 2 4
188 2 4
189 81 6
252 169 4
252 188 4
4 2 4
4 2 4
4 2 4
4 2 4
4 2 4
4 2 4
4 2 4
4 2 4
4 2 4
4 2 4
4 2 4
4 2 4
4 2 4
4 2 4
4 2 4
4 2 4
4 2 4
4 2 4
4 2 4
4 2 4
4 2 4
4 2 4
4 2 4
4 2 4
4 2 4
173 3 4
66 2 4
4 2 4
102 3 4
197 102 5
160 97 7
252 169 4
4 2 4
4 2 4
4 2 4
4 2 4
4 2 4
4 2 4
4 2 4
4 2 4
4 2 4
4 2 4
4 2 4
4 2 4
4 2 4
4 2 4
4 2 4
4 2 4
4 2 4
4 2 4
4 2 4
4 2 4
4 2 4
4 2 4
4 2 4
4 2 4
4 2 4
188 2 4
252 2 4
252 2 4
252 2 4
252 2 4
251 107 5
252 221 4
4 2 4
4 2 4
4 2 4
4 2 4
4 2 4
4 2 4
4 2 4
4 2 4
4 2 4
4 2 4
4 2 4
4 2 4
4 2 4
4 2 4
4 2 4
4 2 4
4 2 4
4 2 4
4 2 4
4 2 4
4 2 4
4 2 4
4 2 4
4 2 4
102 3 4
173 3 4
51 2 4
228 2 4
221 2 4
221 2 4
251 87 5
252 221 4
4 2 4
4 2 4
4 2 4
4 2 4
4 2 4
4 2 4
4 2 4
4 2 4
4 2 4
4 2 4
4 2 4
4 2 4
4 2 4
4 2 4
4 2 4
4 2 4
4 2 4
4 2 4
4 2 4
4 2 4
4 2 4
4 2 4
4 2 4
4 2 4
35 2 4
35 2 4
221 2 4
119 3 5
173 3 4
170 23 5
251 154 5
252 221 4
4 2 4
4 2 4
4 2 4
4 2 4
4 2 4
4 2 4
4 2 4
4 2 4
4 2 4
4 2 4
4 2 4
4 2 4
4 2 4
4 2 4
4 2 4
4 2 4
4 2 4
4 2 4
4 2 4
4 2 4
4 2 4
4 2 4
4 2 4
4 2 4
4 2 4
35 2 4
252 2 4
188 2 4
154 65 5
252 169 4
252 188 4
252 240 4
4 2 4
4 2 4
4 2 4
4 2 4
4 2 4
4 2 4
4 2 4
4 2 4
4 2 4
4 2 4
4 2 4
4 2 4
4 2 4
4 2 4
4 2 4
4 2 4
4 2 4
4 2 4
4 2 4
4 2 4
4 2 4
4 2 4
4 2 4
119 3 5
4 2 4
35 2 4
252 2 4
252 2 4
153 2 4
219 34 5
252 188 4
252 188 4
4 2 4
4 2 4
4 2 4
4 2 4
4 2 4
4 2 4
4 2 4
4 2 4
4 2 4
4 2 4
4 2 4
4 2 4
4 2 4
4 2 4
4 2 4
4 2 4
4 2 4
4 2 4
4 2 4
4 2 4
4 2 4
4 2 4
4 2 4
4 2 4
16 2 4
16 2 4
119 3 5
205 2 4
169 66 5
181 81 6
251 154 5
252 169 4
4 2 4
4 2 4
4 2 4
4 2 4
4 2 4
4 2 4
4 2 4
4 2 4
4 2 4
4 2 4
4 2 4
4 2 4
4 2 4
4 2 4
4 2 4
4 2 4
4 2 4
4 2 4
4 2 4
4 2 4
4 2 4
4 2 4
4 2 4
4 2 4
138 3 5
84 2 4
173 3 4
153 2 4
252 2 4
251 23 5
250 39 5
250 127 5
4 2 4
4 2 4
4 2 4
4 2 4
4 2 4
4 2 4
4 2 4
4 2 4
4 2 4
4 2 4
4 2 4
4 2 4
4 2 4
4 2 4
4 2 4
4 2 4
4 2 4
4 2 4
4 2 4
4 2 4
4 2 4
4 2 4
4 2 4
4 2 4
51 2 4
35 2 4
4 2 4
4 2 4
170 23 5
251 87 5
251 154 5
252 169 4
4 2 4
4 2 4
4 2 4
4 2 4
4 2 4
4 2 4
4 2 4
4 2 4
4 2 4
4 2 4
4 2 4
4 2 4
4 2 4
4 2 4
4 2 4
4 2 4
4 2 4
4 2 4
4 2 4
4 2 4
4 2 4
4 2 4
4 2 4
4 2 4
102 3 4
84 2 4
4 2 4
4 2 4
153 2 4
251 64 4
252 169 4
252 169 4
4 2 4
4 2 4
4 2 4
4 2 4
4 2 4
4 2 4
4 2 4
4 2 4
4 2 4
4 2 4
4 2 4
4 2 4
4 2 4
4 2 4
4 2 4
4 2 4
4 2 4
4 2 4
4 2 4
4 2 4
4 2 4
4 2 4
4 2 4
119 3 5
221 2 4
221 2 4
188 2 4
188 2 4
252 2 4
252 2 4
251 154 5
252 169 4
4 2 4
4 2 4
4 2 4
4 2 4
4 2 4
4 2 4
4 2 4
4 2 4
4 2 4
4 2 4
4 2 4
4 2 4
4 2 4
4 2 4
4 2 4
4 2 4
4 2 4
4 2 4
4 2 4
4 2 4
4 2 4
4 2 4
4 2 4
16 2 4
205 2 4
84 2 4
252 2 4
252 2 4
252 2 4
252 2 4
251 64 4
252 169 4
4 2 4
4 2 4
4 2 4
4 2 4
4 2 4
4 2 4
4 2 4
4 2 4
4 2 4
4 2 4
4 2 4
4 2 4
4 2 4
4 2 4
4 2 4
4 2 4
4 2 4
4 2 4
4 2 4
4 2 4
4 2 4
4 2 4
119 3 5
138 3 5
66 2 4
35 2 4
51 2 4
138 3 5
173 3 4
250 53 5
251 107 5
252 169 4
4 2 4
4 2 4
4 2 4
4 2 4
4 2 4
4 2 4
4 2 4
4 2 4
4 2 4
4 2 4
4 2 4
4 2 4
4 2 4
4 2 4
4 2 4
4 2 4
4 2 4
4 2 4
4 2 4
4 2 4
4 2 4
4 2 4
16 2 4
51 2 4
138 3 5
16 2 4
16 2 4
188 2 4
102 3 4
169 66 5
251 154 5
252 169 4
4 2 4
4 2 4
4 2 4
4 2 4
4 2 4
4 2 4
4 2 4
4 2 4
4 2 4
4 2 4
4 2 4
4 2 4
4 2 4
4 2 4
4 2 4
4 2 4
4 2 4
4 2 4
4 2 4
4 2 4
4 2 4
4 2 4
4 2 4
173 3 4
173 3 4
51 2 4
221 2 4
221 2 4
66 2 4
228 2 4
251 87 5
252 169 4
4 2 4
4 2 4
4 2 4
4 2 4
4 2 4
4 2 4
4 2 4
4 2 4
4 2 4
4 2 4
4 2 4
4 2 4
4 2 4
4 2 4
4 2 4
4 2 4
4 2 4
4 2 4
102 3 4
4 2 4
4 2 4
4 2 4
4 2 4
84 2 4
138 3 5
228 2 4
252 2 4
51 2 4
205 2 4
252 2 4
252 169 4
252 169 4
4 2 4
4 2 4
4 2 4
4 2 4
4 2 4
4 2 4
4 2 4
4 2 4
4 2 4
4 2 4
4 2 4
4 2 4
4 2 4
4 2 4
4 2 4
4 2 4
4 2 4
4 2 4
4 2 4
66 2 4
4 2 4
4 2 4
4 2 4
4 2 4
66 2 4
173 3 4
102 3 4
4 2 4
50 33 5
159 40 5
252 169 4
252 169 4
4 2 4
4 2 4
4 2 4
4 2 4
4 2 4
4 2 4
4 2 4
4 2 4
4 2 4
4 2 4
4 2 4
4 2 4
4 2 4
4 2 4
4 2 4
4 2 4
4 2 4
4 2 4
4 2 4
66 2 4
4 2 4
4 2 4
4 2 4
4 2 4
4 2 4
4 2 4
84 2 4
221 2 4
173 3 4
151 3 4
252 169 4
252 221 4
4 2 4
4 2 4
4 2 4
4 2 4
4 2 4
4 2 4
4 2 4
4 2 4
4 2 4
4 2 4
4 2 4
4 2 4
4 2 4
4 2 4
4 2 4
4 2 4
4 2 4
4 2 4
4 2 4
35 2 4
4 2 4
102 3 4
4 2 4
4 2 4
4 2 4
4 2 4
35 2 4
102 3 4
219 34 5
250 149 5
252 199 4
252 199 4
4 2 4
4 2 4
4 2 4
4 2 4
4 2 4
4 2 4
4 2 4
4 2 4
4 2 4
4 2 4
4 2 4
4 2 4
4 2 4
4 2 4
4 2 4
4 2 4
4 2 4
4 2 4
4 2 4
4 2 4
4 2 4
66 2 4
66 2 4
16 2 4
4 2 4
4 2 4
4 2 4
4 2 4
50 33 5
205 137 5
250 127 5
252 169 4
4 2 4
4 2 4
4 2 4
4 2 4
4 2 4
4 2 4
4 2 4
4 2 4
4 2 4
4 2 4
4 2 4
4 2 4
4 2 4
4 2 4
4 2 4
4 2 4
4 2 4
4 2 4
4 2 4
4 2 4
4 2 4
35 2 4
138 3 5
84 2 4
4 2 4
4 2 4
51 2 4
119 3 5
84 2 4
80 54 6
250 39 5
252 169 4
