255 255 255
255 255 255
0 0 0
0 0 0
0 0 0
0 0 0
0 0 0
0 0 0
0 0 0
0 0 0
0 0 0
0 0 0
0 0 0
0 0 0
0 0 0
0 0 0
0 0 0
0 0 0
0 0 0
0 0 0
0 0 0
0 0 0
0 0 0
0 0 0
0 0 0
0 0 0
0 0 0
0 0 0
0 0 0
0 0 0
0 0 0
0 0 0
0 0 0
0 0 0
0 0 0
0 0 0
0 0 0
0 0 0
0 0 0
0 0 0
0 0 0
0 0 0
0 0 0
0 0 0
0 0 0
0 0 0
0 0 0
0 0 0
0 0 0
0 0 0
0 0 0
0 0 0
0 0 0
0 0 0
0 0 0
0 0 0
0 0 0
0 0 0
0 0 0
0 0 0
0 0 0
0 0 0
0 0 0
0 0 0
0 0 0
0 0 0
0 0 0
0 0 0
0 0 0
0 0 0
0 0 0
0 0 0
0 0 0
0 0 0
0 0 0
0 0 0
4 4 4
109 109 109
93 93 93
1 1 1
0 0 0
0 0 0
0 0 0
0 0 0
0 0 0
113 113 113
153 153 153
21 21 21
0 0 0
0 0 0
0 0 0
0 0 0
0 0 0
0 0 0
0 0 0
0 0 0
0 0 0
0 0 0
0 0 0
0 0 0
0 0 0
0 0 0
0 0 0
0 0 0
0 0 0
0 0 0
0 0 0
36 36 36
167 167 167
248 248 248
127 127 127
0 0 0
0 0 0
0 0 0
0 0 0
0 0 0
0 0 0
127 125 124
255 252 250
208 208 208
68 68 68
1 1 1
0 0 0
0 0 0
0 0 0
0 0 0
0 0 0
0 0 0
0 0 0
0 0 0
0 0 0
0 0 0
0 0 0
0 0 0
0 0 0
0 0 0
0 0 0
27 27 27
124 124 124
237 237 237
166 166 166
138 138 136
128 128 127
0 0 0
4 4 4
10 10 10
10 10 10
4 4 4
0 0 0
136 131 130
252 164 144
253 185 166
255 255 255
160 160 160
41 41 41
0 0 0
0 0 0
0 0 0
0 0 0
0 0 0
0 0 0
0 0 0
0 0 0
0 0 0
0 0 0
0 0 0
0 0 0
0 0 0
89 89 89
202 202 202
229 229 229
126 126 126
0 0 0
64 64 64
204 203 203
145 145 145
152 152 152
160 160 160
160 160 160
152 152 152
145 145 145
211 211 208
251 90 75
249 7 0
253 154 126
255 245 232
230 230 230
112 112 112
0 0 0
0 0 0
0 0 0
0 0 0
0 0 0
0 0 0
0 0 0
0 0 0
0 0 0
0 0 0
0 0 0
0 0 0
218 218 218
189 188 188
46 45 45
0 0 0
0 0 0
27 27 26
130 130 130
152 152 152
137 135 136
137 136 136
131 133 135
126 130 134
197 168 156
255 199 153
253 105 46
249 29 0
249 23 0
251 75 48
254 201 189
222 222 222
0 0 0
0 0 0
0 0 0
0 0 0
0 0 0
0 0 0
0 0 0
0 0 0
0 0 0
0 0 0
0 0 0
0 0 0
193 194 194
87 91 92
0 0 0
0 0 0
0 0 0
0 0 0
0 0 0
0 0 0
0 0 0
0 0 0
0 0 0
0 0 0
24 0 0
171 28 0
255 91 13
255 113 34
250 78 17
248 5 0
251 92 79
200 194 191
0 0 0
0 0 0
0 0 0
0 0 0
0 0 0
0 0 0
0 0 0
0 0 0
0 0 0
0 0 0
0 0 0
0 0 0
193 193 194
91 93 96
0 0 0
34 8 2
47 13 4
55 15 5
53 14 2
44 10 0
30 6 0
15 1 0
2 0 0
0 0 0
0 0 0
2 0 0
132 41 11
255 107 28
255 107 31
249 48 0
251 110 83
200 194 191
0 0 0
0 0 0
0 0 0
0 0 0
0 0 0
0 0 0
0 0 0
0 0 0
0 0 0
0 0 0
0 0 0
0 0 0
197 196 195
191 118 101
168 29 0
211 77 20
223 78 20
231 80 20
229 81 20
222 78 19
208 71 18
193 65 17
164 55 15
118 41 11
72 21 6
21 5 1
0 0 0
82 30 7
244 104 29
255 59 0
252 123 89
200 195 193
0 0 0
0 0 0
0 0 0
0 0 0
0 0 0
0 0 0
0 0 0
0 0 0
0 0 0
0 0 0
0 0 0
0 0 0
199 198 195
255 146 102
255 65 0
255 100 27
255 93 23
255 89 22
255 89 22
255 91 23
255 93 24
255 95 25
255 97 25
255 96 24
245 87 22
210 74 18
120 42 11
0 0 0
78 34 11
246 56 0
255 128 88
200 195 192
0 0 0
0 0 0
0 0 0
0 0 0
0 0 0
0 0 0
0 0 0
0 0 0
0 0 0
0 0 0
0 0 0
0 0 0
200 197 195
254 135 101
253 46 0
253 83 22
255 83 22
255 86 22
255 88 22
255 89 22
255 90 23
255 90 23
255 89 23
255 88 22
255 90 23
255 97 24
255 99 25
194 69 18
112 41 12
208 34 0
255 129 90
200 196 193
0 0 0
0 0 0
0 0 0
0 0 0
0 0 0
0 0 0
0 0 0
0 0 0
0 0 0
0 0 0
0 0 0
0 0 0
200 197 195
255 143 103
255 62 0
255 96 26
255 90 23
253 86 22
242 83 21
235 81 21
237 82 21
246 84 22
255 85 21
255 90 22
255 94 24
255 96 25
255 95 25
255 97 24
244 90 24
240 40 0
252 120 89
200 195 193
0 0 0
0 0 0
0 0 0
0 0 0
0 0 0
0 0 0
0 0 0
0 0 0
0 0 0
0 0 0
0 0 0
0 0 0
200 198 195
223 130 103
154 22 0
120 44 12
88 28 7
73 22 5
65 19 4
60 18 3
62 18 5
68 21 5
77 24 6
91 28 7
117 34 6
162 51 8
229 73 16
255 90 24
255 106 29
255 57 0
254 120 88
200 195 192
0 0 0
0 0 0
0 0 0
0 0 0
0 0 0
0 0 0
0 0 0
0 0 0
0 0 0
0 0 0
0 0 0
0 0 0
197 195 195
120 103 100
0 0 0
2 1 0
0 0 0
0 0 0
0 0 0
0 0 0
0 0 0
0 0 0
0 0 0
0 0 0
0 0 0
13 1 0
40 10 1
77 26 8
149 57 18
236 46 0
255 131 90
200 196 193
0 0 0
0 0 0
0 0 0
0 0 0
0 0 0
0 0 0
0 0 0
0 0 0
0 0 0
0 0 0
0 0 0
0 0 0
194 194 195
97 98 100
0 0 0
0 0 0
0 0 0
35 36 37
167 168 169
223 225 225
126 123 123
3 2 3
0 0 0
101 105 106
217 221 222
172 178 181
45 48 49
0 0 0
5 2 2
11 0 0
137 101 89
198 194 192
0 0 0
0 0 0
0 0 0
0 0 0
0 0 0
0 0 0
0 0 0
0 0 0
0 0 0
0 0 0
0 0 0
0 0 0
195 195 195
100 100 100
0 0 0
0 0 0
0 0 0
66 68 68
238 239 240
255 255 255
172 168 166
17 8 9
15 0 0
153 145 144
255 255 255
255 255 255
104 93 89
0 0 0
24 6 2
0 0 0
86 84 86
192 191 191
0 0 0
0 0 0
0 0 0
0 0 0
0 0 0
0 0 0
0 0 0
0 0 0
0 0 0
0 0 0
0 0 0
0 0 0
194 194 195
97 99 100
0 0 0
0 0 0
0 0 0
83 74 72
245 244 243
255 255 255
213 183 170
142 30 8
171 33 2
230 176 156
255 255 255
255 255 255
231 124 94
204 28 0
204 76 18
152 24 0
165 97 87
194 193 192
0 0 0
0 0 0
0 0 0
0 0 0
0 0 0
0 0 0
0 0 0
0 0 0
0 0 0
0 0 0
0 0 0
0 0 0
192 194 194
87 94 99
10 0 0
80 30 8
121 14 0
203 75 44
255 235 223
255 255 255
255 169 137
255 69 0
255 68 0
255 164 127
255 255 255
255 242 235
255 110 58
255 63 0
255 101 30
255 61 0
255 131 88
200 195 193
0 0 0
0 0 0
0 0 0
0 0 0
0 0 0
0 0 0
0 0 0
0 0 0
0 0 0
0 0 0
0 0 0
0 0 0
195 195 195
163 109 98
174 30 0
255 100 28
255 94 19
255 68 0
253 123 87
254 169 147
255 95 44
255 78 8
255 83 9
255 103 40
255 183 146
254 144 99
248 67 2
241 74 12
240 82 26
248 42 0
254 122 89
200 195 193
0 0 0
0 0 0
0 0 0
0 0 0
0 0 0
0 0 0
0 0 0
0 0 0
0 0 0
0 0 0
0 0 0
0 0 0
200 197 195
255 146 101
255 66 0
254 87 23
250 80 24
253 78 20
255 57 2
255 53 0
255 78 11
242 90 27
217 79 22
181 48 5
143 12 0
100 5 0
70 18 5
103 35 12
186 62 18
251 48 0
255 126 89
200 195 193
0 0 0
0 0 0
0 0 0
0 0 0
0 0 0
0 0 0
0 0 0
0 0 0
0 0 0
0 0 0
0 0 0
0 0 0
203 200 197
253 131 97
249 38 0
252 79 22
255 90 22
255 107 30
245 93 22
200 66 12
130 47 14
79 23 6
38 10 2
1 1 2
0 0 0
0 2 1
42 15 5
135 42 11
222 78 22
255 50 0
255 122 87
201 195 193
0 0 0
0 0 0
0 0 0
0 0 0
0 0 0
0 0 0
0 0 0
0 0 0
0 0 0
0 0 0
0 0 0
0 0 0
199 196 195
253 132 103
255 57 0
255 111 28
247 94 24
170 59 13
80 26 8
22 6 5
0 0 0
0 0 0
0 0 0
19 4 1
113 40 10
203 77 19
244 97 25
255 96 24
255 92 25
250 47 0
250 115 83
202 196 193
0 0 0
0 0 0
0 0 0
0 0 0
0 0 0
0 0 0
0 0 0
0 0 0
0 0 0
0 0 0
0 0 0
0 0 0
186 186 185
255 159 129
254 53 0
177 63 13
67 22 7
4 0 0
0 0 0
0 0 0
0 0 0
0 0 0
86 27 6
212 77 20
255 101 26
255 99 25
255 89 22
254 79 19
251 85 22
249 46 0
252 128 99
195 191 190
0 0 0
0 0 0
0 0 0
0 0 0
0 0 0
0 0 0
0 0 0
0 0 0
0 0 0
0 0 0
0 0 0
0 0 0
138 138 138
239 187 170
105 18 0
9 0 0
0 0 0
0 0 0
0 0 0
0 0 1
17 0 0
134 26 0
244 88 18
255 104 27
254 82 20
250 77 20
250 73 17
250 80 24
251 81 18
250 36 0
253 155 133
171 171 171
0 0 0
0 0 0
0 0 0
0 0 0
0 0 0
0 0 0
0 0 0
0 0 0
0 0 0
0 0 0
0 0 0
0 0 0
55 55 55
202 203 204
47 61 64
0 0 0
0 0 0
0 0 0
0 0 0
21 0 0
166 26 0
255 155 111
255 98 38
252 71 13
251 83 25
250 77 19
251 78 22
251 100 29
250 47 3
249 47 19
248 211 200
99 99 99
0 0 0
0 0 0
0 0 0
0 0 0
0 0 0
0 0 0
0 0 0
0 0 0
0 0 0
0 0 0
0 0 0
0 0 0
5 5 5
144 144 144
186 192 193
22 19 18
0 0 0
0 0 0
14 0 0
170 11 0
255 130 80
255 250 239
253 148 128
249 28 0
250 71 12
251 87 24
251 87 22
250 48 4
249 14 0
253 158 137
186 186 186
19 19 19
0 0 0
0 0 0
0 0 0
0 0 0
0 0 0
0 0 0
0 0 0
0 0 0
0 0 0
0 0 0
0 0 0
0 0 0
0 0 0
34 34 34
205 205 205
204 201 200
75 83 87
12 27 30
148 75 55
255 164 125
205 196 183
107 107 107
224 210 207
252 123 89
251 50 0
250 49 0
250 44 0
251 52 9
252 157 137
255 254 252
94 94 94
0 0 0
0 0 0
0 0 0
0 0 0
0 0 0
0 0 0
0 0 0
0 0 0
0 0 0
0 0 0
0 0 0
0 0 0
0 0 0
0 0 0
0 0 0
31 31 31
167 167 167
235 239 241
209 208 209
245 232 221
181 181 179
49 49 49
0 0 0
94 94 94
244 236 231
254 189 169
253 144 116
252 159 132
255 216 201
255 255 253
129 129 129
3 3 3
0 0 0
0 0 0
0 0 0
0 0 0
0 0 0
0 0 0
0 0 0
0 0 0
0 0 0
0 0 0
0 0 0
0 0 0
0 0 0
0 0 0
0 0 0
0 0 0
11 11 11
51 51 51
76 76 76
59 59 59
17 17 17
0 0 0
0 0 0
0 0 0
66 66 66
179 179 178
233 230 228
234 232 231
185 185 185
76 76 76
1 1 1
0 0 0
0 0 0
0 0 0
0 0 0
0 0 0
0 0 0
0 0 0
0 0 0
0 0 0
0 0 0
0 0 0
0 0 0
0 0 0
0 0 0
0 0 0
0 0 0
0 0 0
0 0 0
0 0 0
0 0 0
0 0 0
0 0 0
0 0 0
0 0 0
0 0 0
0 0 0
0 0 0
0 0 0
0 0 0
0 0 0
0 0 0
0 0 0
0 0 0
0 0 0
0 0 0
0 0 0
0 0 0
0 0 0
0 0 0
0 0 0
0 0 0
0 0 0
0 0 0
0 0 0
0 0 0
0 0 0
0 0 0
0 0 0
0 0 0
0 0 0
0 0 0
0 0 0
0 0 0
0 0 0
0 0 0
0 0 0
0 0 0
0 0 0
0 0 0
0 0 0
0 0 0
0 0 0
0 0 0
0 0 0
0 0 0
0 0 0
0 0 0
0 0 0
0 0 0
0 0 0
0 0 0
0 0 0
