255 255 255
51 80 107
0 0 0
0 0 0
0 0 0
0 0 0
0 0 0
0 0 0
0 0 0
0 0 0
0 0 0
0 0 0
0 0 0
0 0 0
0 0 0
0 0 0
0 0 0
0 0 0
0 0 0
0 0 0
0 0 0
0 0 0
0 0 0
0 0 0
0 0 0
0 0 0
0 0 0
0 0 0
0 0 0
0 0 0
0 0 0
0 0 0
0 0 0
0 0 0
0 0 0
0 0 0
0 0 0
0 0 0
0 0 0
0 0 0
0 0 0
0 0 0
0 0 0
0 0 0
0 0 0
0 0 0
0 9 19
0 4 9
0 0 0
0 0 0
0 0 0
0 0 0
0 0 0
0 0 0
0 0 0
0 0 0
0 0 0
0 0 0
0 0 0
0 0 0
0 0 0
0 0 0
0 0 0
0 0 0
0 0 0
0 0 0
0 0 0
0 0 0
0 0 0
0 0 0
0 0 0
0 0 0
0 0 0
0 0 0
0 0 0
0 0 0
0 0 0
0 0 0
0 22 44
0 14 39
0 1 4
0 0 0
0 0 0
0 0 0
0 0 0
0 0 0
0 0 0
0 0 0
0 0 0
0 0 0
0 0 0
0 0 0
0 0 0
0 0 0
0 0 0
0 0 0
0 0 0
0 0 0
0 0 0
0 0 0
0 0 0
0 0 0
0 0 0
0 0 0
0 0 0
0 0 0
0 0 0
0 0 0
0 0 0
0 0 0
5 27 47
20 41 74
1 5 16
0 0 0
0 0 0
0 0 0
0 0 0
0 0 0
0 0 0
0 0 0
0 0 0
0 0 0
0 0 0
0 0 0
0 0 0
0 0 0
0 0 0
0 0 0
0 0 0
0 0 0
0 0 0
0 0 0
0 0 0
0 0 0
0 0 0
0 0 0
0 0 0
0 0 0
0 0 0
0 0 0
0 0 0
0 0 0
2 17 35
155 170 184
75 82 106
0 2 7
0 0 0
0 0 0
0 0 0
0 0 0
0 0 0
0 0 0
0 0 0
0 0 0
0 0 0
0 0 0
0 0 0
0 0 0
0 0 0
0 0 0
0 0 0
0 0 0
0 0 0
0 0 0
0 0 0
0 0 0
0 0 0
0 0 0
0 0 0
0 0 0
0 0 0
0 0 0
0 0 0
0 0 0
0 5 26
185 196 205
244 248 250
30 30 47
0 0 1
0 0 0
0 0 0
0 0 0
0 0 0
0 0 0
0 0 0
0 0 0
0 0 0
0 0 0
0 0 0
0 0 0
0 0 0
0 0 0
0 0 0
0 0 0
0 0 0
0 0 0
0 0 0
0 0 0
0 0 0
0 0 0
0 0 0
0 0 0
0 0 0
0 0 0
0 0 0
0 0 0
4 23 41
108 124 144
180 189 198
177 188 200
7 9 27
0 0 0
0 0 0
0 0 0
0 0 0
0 0 0
0 0 0
0 0 0
0 0 0
0 0 0
0 0 0
0 0 0
0 0 0
0 5 10
0 7 14
0 0 0
0 0 0
0 0 0
0 0 0
0 0 0
0 0 0
0 0 0
0 0 0
0 0 0
0 0 0
0 0 0
0 0 0
0 0 0
5 24 42
131 146 163
31 37 69
163 175 191
138 147 164
0 0 11
0 0 0
0 0 0
0 0 0
0 0 0
0 0 0
0 0 0
0 0 0
0 0 0
0 0 1
0 1 8
5 17 32
3 33 64
0 14 28
0 0 0
0 0 0
0 0 0
0 0 0
0 0 0
0 0 0
0 0 0
0 0 0
0 0 0
0 0 0
0 0 0
0 0 0
0 0 0
4 21 39
145 164 178
33 53 84
24 29 51
214 224 229
80 89 108
0 0 4
0 0 0
0 0 0
0 0 0
0 0 0
0 0 1
0 2 11
13 22 41
43 49 66
134 140 156
65 100 125
0 17 45
0 1 4
0 0 0
0 0 0
0 0 0
0 0 0
0 0 0
0 0 0
0 0 0
0 0 0
0 0 0
0 0 0
0 0 0
0 0 0
0 0 0
4 22 40
141 156 171
52 85 111
0 0 24
79 77 102
227 233 237
38 41 55
0 0 0
0 0 0
0 2 16
20 31 49
74 77 94
129 147 164
115 146 165
218 224 229
245 249 251
35 45 67
0 0 3
0 0 0
0 0 0
0 0 0
0 0 0
0 0 0
0 0 0
0 0 0
0 0 0
0 0 0
0 0 0
0 0 0
0 0 0
0 0 0
0 0 0
4 22 40
141 158 174
51 78 106
0 19 57
2 5 30
118 130 150
193 203 209
40 49 62
63 70 87
139 153 169
170 193 203
170 198 213
87 98 117
69 73 93
214 223 231
83 86 107
0 0 2
0 0 0
0 0 0
0 0 0
0 0 0
0 0 0
0 0 0
0 0 0
0 0 0
0 0 0
0 0 0
0 0 0
0 0 0
0 0 0
0 0 0
0 0 0
3 15 33
137 146 164
51 80 106
0 25 61
0 22 56
13 14 36
149 159 175
206 225 233
142 168 183
96 118 140
55 60 92
18 25 43
0 0 17
170 175 186
111 128 149
0 0 10
0 0 0
0 0 0
0 0 0
0 0 0
0 0 0
0 0 0
0 0 0
0 0 0
0 0 0
0 0 0
0 0 0
0 0 0
0 0 0
0 0 0
0 0 0
0 0 4
12 28 54
168 180 193
50 79 106
0 21 57
0 36 69
0 22 57
14 27 61
59 58 87
22 29 63
0 19 58
0 6 39
0 0 0
145 156 166
189 204 217
10 12 25
0 0 0
0 0 0
0 0 0
0 0 0
0 0 0
0 0 0
0 0 0
0 0 0
0 0 0
0 0 0
0 0 0
0 0 0
0 0 1
0 0 8
5 17 40
61 79 99
116 124 140
169 180 192
148 165 179
18 42 75
0 24 59
0 35 69
0 37 71
0 22 59
0 9 47
0 20 55
0 30 65
0 0 28
99 103 128
215 226 234
37 38 57
0 0 1
0 0 0
0 0 0
0 0 0
0 0 0
0 0 0
0 0 0
0 0 0
0 0 0
0 0 0
0 1 4
0 0 7
8 22 46
73 94 115
132 141 157
156 170 183
158 175 187
120 144 162
53 78 105
12 18 53
0 25 60
0 35 69
0 34 68
0 34 68
0 35 69
0 36 70
0 40 74
0 3 38
58 57 81
216 224 231
81 84 101
0 0 1
0 0 0
0 0 0
0 0 0
0 0 0
0 0 0
0 0 0
0 0 0
0 5 11
0 17 38
0 19 51
67 91 114
193 198 206
186 195 205
113 133 152
72 103 127
28 56 88
10 14 46
4 7 44
0 19 56
0 27 62
0 33 67
0 34 68
0 34 68
0 34 68
0 34 68
0 37 71
0 10 48
30 37 70
193 207 216
112 113 131
0 0 2
0 0 0
0 0 0
0 0 0
0 0 0
0 0 0
0 0 0
0 0 0
0 0 0
0 5 11
0 17 40
0 18 50
69 91 114
200 205 212
193 203 210
114 135 153
64 96 121
24 48 81
10 11 45
3 8 44
0 19 56
0 27 62
0 33 67
0 34 68
0 34 68
0 34 68
0 34 68
0 37 71
0 9 47
32 38 71
195 209 218
110 110 127
0 0 1
0 0 0
0 0 0
0 0 0
0 0 0
0 0 0
0 0 0
0 0 0
0 0 0
0 0 0
0 0 0
0 0 0
0 1 4
0 0 10
10 25 51
79 101 120
135 144 159
158 171 184
158 173 186
115 139 158
48 72 101
11 16 51
0 25 60
0 35 69
0 34 68
0 34 68
0 35 69
0 36 70
0 40 74
0 2 38
60 60 85
216 225 231
77 79 95
0 0 1
0 0 0
0 0 0
0 0 0
0 0 0
0 0 0
0 0 0
0 0 0
0 0 0
0 0 0
0 0 0
0 0 0
0 0 0
0 0 0
0 0 2
0 0 9
8 23 46
67 86 104
119 128 144
171 181 193
145 163 176
18 40 74
0 24 60
0 35 69
0 37 71
0 23 58
0 9 46
0 21 56
0 32 66
0 0 28
103 107 131
213 224 233
34 36 54
0 0 1
0 0 0
0 0 0
0 0 0
0 0 0
0 0 0
0 0 0
0 0 0
0 0 0
0 0 0
0 0 0
0 0 0
0 0 0
0 0 0
0 0 0
0 0 0
0 0 0
0 0 5
16 32 57
171 183 194
49 79 106
0 21 57
0 36 69
0 23 59
13 25 59
57 54 83
19 28 63
0 18 57
0 5 37
0 0 2
152 161 170
186 200 213
8 11 24
0 0 0
0 0 0
0 0 0
0 0 0
0 0 0
0 0 0
0 0 0
0 0 0
0 0 0
0 0 0
0 0 0
0 0 0
0 0 0
0 0 0
0 0 0
0 0 0
0 0 0
3 14 32
137 146 163
51 80 107
0 25 61
0 23 57
12 12 35
146 155 172
208 227 235
139 165 179
91 110 134
54 56 89
12 21 42
0 1 18
175 179 189
111 123 147
0 0 8
0 0 0
0 0 0
0 0 0
0 0 0
0 0 0
0 0 0
0 0 0
0 0 0
0 0 0
0 0 0
0 0 0
0 0 0
0 0 0
0 0 0
0 0 0
0 0 0
4 22 40
141 158 174
51 78 106
0 20 57
2 4 29
112 126 146
196 207 212
46 54 68
67 75 93
142 158 173
172 195 206
166 195 211
81 93 110
72 75 92
214 222 231
78 82 102
0 0 2
0 0 0
0 0 0
0 0 0
0 0 0
0 0 0
0 0 0
0 0 0
0 0 0
0 0 0
0 0 0
0 0 0
0 0 0
0 0 0
0 0 0
0 0 0
4 22 40
141 156 171
52 85 111
0 0 25
75 75 98
228 234 238
42 45 58
0 0 0
0 0 1
0 3 19
24 34 51
79 83 99
134 153 170
116 147 166
218 225 228
242 246 250
32 43 64
0 0 3
0 0 0
0 0 0
0 0 0
0 0 0
0 0 0
0 0 0
0 0 0
0 0 0
0 0 0
0 0 0
0 0 0
0 0 0
0 0 0
0 0 0
4 21 39
144 164 178
33 55 85
22 25 48
212 222 228
84 94 111
0 0 3
0 0 0
0 0 0
0 0 0
0 0 0
0 0 1
0 3 13
14 23 43
46 52 71
138 145 159
64 99 123
0 16 43
0 1 3
0 0 0
0 0 0
0 0 0
0 0 0
0 0 0
0 0 0
0 0 0
0 0 0
0 0 0
0 0 0
0 0 0
0 0 0
0 0 0
5 24 41
133 148 164
32 35 68
159 171 187
142 153 168
0 0 12
0 0 0
0 0 0
0 0 0
0 0 0
0 0 0
0 0 0
0 0 0
0 0 0
0 0 0
0 2 9
6 18 34
3 34 68
0 14 29
0 0 0
0 0 0
0 0 0
0 0 0
0 0 0
0 0 0
0 0 0
0 0 0
0 0 0
0 0 0
0 0 0
0 0 0
0 0 0
4 23 41
108 123 143
176 184 194
181 191 202
8 10 28
0 0 0
0 0 0
0 0 0
0 0 0
0 0 0
0 0 0
0 0 0
0 0 0
0 0 0
0 0 0
0 0 0
0 0 0
0 5 11
0 7 14
0 0 0
0 0 0
0 0 0
0 0 0
0 0 0
0 0 0
0 0 0
0 0 0
0 0 0
0 0 0
0 0 0
0 0 0
0 0 0
0 6 26
183 194 203
246 250 252
33 33 50
0 0 1
0 0 0
0 0 0
0 0 0
0 0 0
0 0 0
0 0 0
0 0 0
0 0 0
0 0 0
0 0 0
0 0 0
0 0 0
0 0 0
0 0 0
0 0 0
0 0 0
0 0 0
0 0 0
0 0 0
0 0 0
0 0 0
0 0 0
0 0 0
0 0 0
0 0 0
0 0 0
0 0 0
1 17 34
159 173 188
81 89 112
1 2 8
0 0 0
0 0 0
0 0 0
0 0 0
0 0 0
0 0 0
0 0 0
0 0 0
0 0 0
0 0 0
0 0 0
0 0 0
0 0 0
0 0 0
0 0 0
0 0 0
0 0 0
0 0 0
0 0 0
0 0 0
0 0 0
0 0 0
0 0 0
0 0 0
0 0 0
0 0 0
0 0 0
0 0 0
5 27 46
23 43 76
2 5 18
0 0 0
0 0 0
0 0 0
0 0 0
0 0 0
0 0 0
0 0 0
0 0 0
0 0 0
0 0 0
0 0 0
0 0 0
0 0 0
0 0 0
0 0 0
0 0 0
0 0 0
0 0 0
0 0 0
0 0 0
0 0 0
0 0 0
0 0 0
0 0 0
0 0 0
0 0 0
0 0 0
0 0 0
0 0 0
0 22 44
0 14 38
0 1 4
0 0 0
0 0 0
0 0 0
0 0 0
0 0 0
0 0 0
0 0 0
0 0 0
0 0 0
0 0 0
0 0 0
0 0 0
0 0 0
0 0 0
0 0 0
0 0 0
0 0 0
0 0 0
0 0 0
0 0 0
0 0 0
0 0 0
0 0 0
0 0 0
0 0 0
0 0 0
0 0 0
0 0 0
0 0 0
0 10 19
0 4 9
0 0 0
0 0 0
0 0 0
0 0 0
0 0 0
0 0 0
0 0 0
0 0 0
0 0 0
0 0 0
0 0 0
0 0 0
0 0 0
0 0 0
0 0 0
0 0 0
0 0 0
0 0 0
0 0 0
0 0 0
0 0 0
0 0 0
0 0 0
0 0 0
0 0 0
0 0 0
0 0 0
0 0 0
0 0 0
0 0 0
0 0 0
0 0 0
0 0 0
0 0 0
0 0 0
0 0 0
0 0 0
0 0 0
0 0 0
0 0 0
0 0 0
0 0 0
0 0 0
0 0 0
0 0 0
0 0 0
0 0 0
0 0 0
0 0 0
0 0 0
