255 255 255
51 80 107
0 0 0
0 0 0
0 0 0
0 0 0
0 0 0
0 0 0
0 0 0
0 0 0
0 0 0
0 0 0
0 0 0
0 0 0
0 0 0
0 0 0
0 0 0
0 0 0
0 0 0
0 0 0
0 0 0
0 0 0
0 0 0
0 0 0
0 0 0
0 0 0
0 0 0
0 0 0
0 0 0
0 0 0
0 0 0
0 0 0
0 0 0
0 0 0
0 0 0
0 0 0
0 0 0
0 0 0
0 0 0
0 0 0
0 0 0
0 0 0
0 0 0
0 0 0
0 0 0
0 0 0
0 0 0
0 0 0
0 0 0
0 0 0
0 0 0
0 0 0
0 0 0
0 0 0
0 0 0
0 0 0
0 0 0
0 0 0
0 0 0
0 0 0
0 0 0
0 0 0
0 0 0
0 0 0
0 0 0
0 0 0
0 0 0
0 0 0
0 0 0
0 0 0
0 0 0
0 0 0
0 0 0
0 0 0
0 0 0
0 0 0
0 0 0
0 0 0
0 28 41
0 20 33
0 0 8
0 0 0
0 0 0
0 0 0
0 0 0
0 0 0
0 0 0
0 0 0
0 0 0
0 0 0
0 0 0
0 0 0
0 0 0
0 0 0
0 0 0
0 0 0
0 0 0
0 0 0
0 0 0
0 0 0
0 0 0
0 0 0
0 0 0
0 0 0
0 0 0
0 0 0
0 0 0
0 0 0
0 0 0
0 0 0
8 45 66
0 40 82
0 12 25
0 0 0
0 0 0
0 0 0
0 0 0
0 0 0
0 0 0
0 0 0
0 0 0
0 0 0
0 0 0
0 0 0
0 0 0
0 0 0
0 0 0
0 0 0
0 0 0
0 0 0
0 0 0
0 0 0
0 0 0
0 0 0
0 0 0
0 0 0
0 0 0
0 0 0
0 0 0
0 0 0
0 0 0
0 0 0
16 45 66
74 101 132
33 36 66
0 0 0
0 0 0
0 0 0
0 0 0
0 0 0
0 0 0
0 0 0
0 0 0
0 0 0
0 0 0
0 0 0
0 0 0
0 0 0
0 0 0
0 0 0
0 0 0
0 0 0
0 0 0
0 0 0
0 0 0
0 0 0
0 0 0
0 0 0
0 0 0
0 0 0
0 0 0
0 0 0
0 0 0
0 0 0
0 8 41
173 182 197
181 190 197
16 20 41
0 0 0
0 0 0
0 0 0
0 0 0
0 0 0
0 0 0
0 0 0
0 0 0
0 0 0
0 0 0
0 0 0
0 0 0
0 0 0
0 0 0
0 0 0
0 0 0
0 0 0
0 0 0
0 0 0
0 0 0
0 0 0
0 0 0
0 0 0
0 0 0
0 0 0
0 0 0
0 0 0
0 0 0
0 12 41
148 162 173
255 255 255
132 134 140
0 0 8
0 0 0
0 0 0
0 0 0
0 0 0
0 0 0
0 0 0
0 0 0
0 0 0
0 0 0
0 0 0
0 0 0
0 0 0
0 4 8
0 0 0
0 0 0
0 0 0
0 0 0
0 0 0
0 0 0
0 0 0
0 0 0
0 0 0
0 0 0
0 0 0
0 0 0
0 0 0
0 0 0
8 36 58
115 138 156
156 158 173
214 223 230
74 85 107
0 0 8
0 0 0
0 0 0
0 0 0
0 0 0
0 0 0
0 0 0
0 0 0
0 0 0
0 0 0
0 8 16
8 40 66
0 36 58
0 0 0
0 0 0
0 0 0
0 0 0
0 0 0
0 0 0
0 0 0
0 0 0
0 0 0
0 0 0
0 0 0
0 0 0
0 0 0
0 0 0
0 36 58
148 166 181
74 81 115
132 138 156
214 223 230
25 32 49
0 0 0
0 0 0
0 0 0
0 0 0
0 0 0
0 0 0
0 0 16
0 0 16
49 53 66
66 93 115
33 77 123
0 28 49
0 0 0
0 0 0
0 0 0
0 0 0
0 0 0
0 0 0
0 0 0
0 0 0
0 0 0
0 0 0
0 0 0
0 0 0
0 0 0
0 0 0
0 28 49
148 166 181
99 130 148
25 32 49
189 194 206
189 194 197
0 0 16
0 0 0
0 0 0
0 0 16
16 16 25
74 73 82
99 125 148
148 166 181
239 243 247
148 170 189
0 20 49
0 0 0
0 0 0
0 0 0
0 0 0
0 0 0
0 0 0
0 0 0
0 0 0
0 0 0
0 0 0
0 0 0
0 0 0
0 0 0
0 0 0
0 0 0
0 32 58
140 162 173
115 142 165
0 20 74
66 61 99
214 223 230
140 146 156
0 8 16
66 65 82
132 146 165
189 210 222
189 206 214
115 134 156
214 219 222
239 243 247
49 53 66
0 0 0
0 0 0
0 0 0
0 0 0
0 0 0
0 0 0
0 0 0
0 0 0
0 0 0
0 0 0
0 0 0
0 0 0
0 0 0
0 0 0
0 0 0
0 0 0
0 24 49
140 154 165
107 134 156
0 57 99
0 4 66
99 101 123
222 231 239
197 210 222
173 194 206
165 182 197
140 158 173
41 57 82
99 97 115
206 210 222
74 77 99
0 0 0
0 0 0
0 0 0
0 0 0
0 0 0
0 0 0
0 0 0
0 0 0
0 0 0
0 0 0
0 0 0
0 0 0
0 0 0
0 0 0
0 0 0
0 0 0
0 0 0
0 8 49
165 174 189
123 142 165
0 53 90
0 57 99
8 28 74
107 117 148
148 154 173
82 101 132
25 53 99
0 0 8
58 65 66
222 227 239
132 142 156
0 0 8
0 0 0
0 0 0
0 0 0
0 0 0
0 0 0
0 0 0
0 0 0
0 0 0
0 0 0
0 0 0
0 0 0
0 0 0
0 0 0
0 0 8
0 0 33
41 61 82
99 109 123
156 166 181
197 206 214
82 109 132
0 49 90
0 69 107
0 65 107
0 24 82
0 12 74
0 40 90
0 12 74
33 24 58
206 210 222
189 198 214
16 16 33
0 0 0
0 0 0
0 0 0
0 0 0
0 0 0
0 0 0
0 0 0
0 0 0
0 0 0
0 0 0
0 0 0
0 4 16
0 0 33
41 65 90
123 130 148
156 166 173
181 194 206
173 190 197
140 154 173
74 85 115
16 53 99
0 61 99
0 69 107
0 65 107
0 65 107
0 65 107
0 53 99
0 0 58
173 174 189
214 223 230
49 45 58
0 0 0
0 0 0
0 0 0
0 0 0
0 0 0
0 0 0
0 0 0
0 0 0
0 0 0
0 20 33
0 36 66
8 49 90
132 146 165
214 215 222
181 194 206
132 158 173
99 130 156
58 77 107
41 40 90
8 40 90
0 45 90
0 61 99
0 69 107
0 65 107
0 69 107
0 73 107
0 61 107
0 0 66
140 146 165
222 227 230
66 69 82
0 0 0
0 0 0
0 0 0
0 0 0
0 0 0
0 0 0
0 0 0
0 0 0
0 0 0
0 0 0
0 20 33
0 32 66
16 49 90
132 146 156
222 223 230
181 198 206
132 158 181
90 121 148
58 73 107
33 36 82
8 45 90
0 40 90
0 61 107
0 65 99
0 69 107
0 65 107
0 73 115
0 57 99
0 0 74
140 146 165
222 227 239
58 61 74
0 0 0
0 0 0
0 0 0
0 0 0
0 0 0
0 0 0
0 0 0
0 0 0
0 0 0
0 0 0
0 0 0
0 0 0
0 0 0
0 0 16
0 0 33
49 73 99
123 134 148
165 170 181
181 194 206
173 190 206
132 150 165
74 81 115
8 49 90
0 65 107
0 65 107
0 69 107
0 61 99
0 65 107
0 53 99
0 0 66
173 174 189
214 219 230
41 40 49
0 0 0
0 0 0
0 0 0
0 0 0
0 0 0
0 0 0
0 0 0
0 0 0
0 0 0
0 0 0
0 0 0
0 0 0
0 0 0
0 0 0
0 0 0
0 0 8
0 4 33
49 69 90
99 109 123
165 170 181
189 202 214
82 109 140
0 45 90
0 69 107
0 61 99
0 28 82
0 8 74
0 45 99
0 16 66
41 32 66
206 210 214
189 198 214
8 12 25
0 0 0
0 0 0
0 0 0
0 0 0
0 0 0
0 0 0
0 0 0
0 0 0
0 0 0
0 0 0
0 0 0
0 0 0
0 0 0
0 0 0
0 0 0
0 0 0
0 0 0
0 0 0
0 8 49
165 178 189
115 142 165
0 57 99
0 57 99
8 28 74
107 113 140
148 154 173
74 97 123
25 45 99
0 0 0
66 73 74
214 227 230
132 138 156
0 0 16
0 0 0
0 0 0
0 0 0
0 0 0
0 0 0
0 0 0
0 0 0
0 0 0
0 0 0
0 0 0
0 0 0
0 0 0
0 0 0
0 0 0
0 0 0
0 0 0
0 0 0
0 24 49
140 150 165
115 134 156
0 57 99
0 8 66
90 97 115
222 231 239
197 215 222
173 194 206
165 174 189
140 154 173
25 45 74
107 105 115
206 210 222
74 77 99
0 0 0
0 0 0
0 0 0
0 0 0
0 0 0
0 0 0
0 0 0
0 0 0
0 0 0
0 0 0
0 0 0
0 0 0
0 0 0
0 0 0
0 0 0
0 0 0
0 0 0
0 32 49
148 166 181
115 138 156
0 24 74
58 61 90
214 223 230
140 150 156
8 16 25
66 69 82
140 158 173
189 210 222
189 206 222
115 134 148
222 223 230
230 235 239
49 53 66
0 0 0
0 0 0
0 0 0
0 0 0
0 0 0
0 0 0
0 0 0
0 0 0
0 0 0
0 0 0
0 0 0
0 0 0
0 0 0
0 0 0
0 0 0
0 0 0
0 32 58
148 166 173
107 134 156
16 28 49
189 194 206
189 194 197
0 0 16
0 0 0
0 0 0
0 0 16
25 24 33
74 77 90
107 130 156
148 166 181
247 247 255
148 166 181
0 20 49
0 0 0
0 0 0
0 0 0
0 0 0
0 0 0
0 0 0
0 0 0
0 0 0
0 0 0
0 0 0
0 0 0
0 0 0
0 0 0
0 0 0
0 0 0
0 32 49
148 166 181
66 81 115
132 138 156
214 223 230
33 36 58
0 0 0
0 0 0
0 0 0
0 0 0
0 0 0
0 0 0
0 0 8
0 8 25
49 53 66
74 101 123
25 77 115
0 32 58
0 0 0
0 0 0
0 0 0
0 0 0
0 0 0
0 0 0
0 0 0
0 0 0
0 0 0
0 0 0
0 0 0
0 0 0
0 0 0
0 0 0
8 40 58
115 138 156
156 158 173
206 219 230
90 93 115
0 0 8
0 0 0
0 0 0
0 0 0
0 0 0
0 0 0
0 0 0
0 0 0
0 0 0
0 0 0
0 4 8
8 40 74
0 36 58
0 0 0
0 0 0
0 0 0
0 0 0
0 0 0
0 0 0
0 0 0
0 0 0
0 0 0
0 0 0
0 0 0
0 0 0
0 0 0
0 0 0
0 8 41
148 162 181
247 251 255
140 138 148
0 0 8
0 0 0
0 0 0
0 0 0
0 0 0
0 0 0
0 0 0
0 0 0
0 0 0
0 0 0
0 0 0
0 0 0
0 0 0
0 8 8
0 0 0
0 0 0
0 0 0
0 0 0
0 0 0
0 0 0
0 0 0
0 0 0
0 0 0
0 0 0
0 0 0
0 0 0
0 0 0
0 0 0
0 12 41
165 182 189
189 198 206
16 20 41
0 0 0
0 0 0
0 0 0
0 0 0
0 0 0
0 0 0
0 0 0
0 0 0
0 0 0
0 0 0
0 0 0
0 0 0
0 0 0
0 0 0
0 0 0
0 0 0
0 0 0
0 0 0
0 0 0
0 0 0
0 0 0
0 0 0
0 0 0
0 0 0
0 0 0
0 0 0
0 0 0
0 0 0
8 40 58
82 101 132
33 40 66
0 0 8
0 0 0
0 0 0
0 0 0
0 0 0
0 0 0
0 0 0
0 0 0
0 0 0
0 0 0
0 0 0
0 0 0
0 0 0
0 0 0
0 0 0
0 0 0
0 0 0
0 0 0
0 0 0
0 0 0
0 0 0
0 0 0
0 0 0
0 0 0
0 0 0
0 0 0
0 0 0
0 0 0
0 0 0
8 45 66
0 40 74
0 12 33
0 0 0
0 0 0
0 0 0
0 0 0
0 0 0
0 0 0
0 0 0
0 0 0
0 0 0
0 0 0
0 0 0
0 0 0
0 0 0
0 0 0
0 0 0
0 0 0
0 0 0
0 0 0
0 0 0
0 0 0
0 0 0
0 0 0
0 0 0
0 0 0
0 0 0
0 0 0
0 0 0
0 0 0
0 0 0
0 24 41
0 24 41
0 0 8
0 0 0
0 0 0
0 0 0
0 0 0
0 0 0
0 0 0
0 0 0
0 0 0
0 0 0
0 0 0
0 0 0
0 0 0
0 0 0
0 0 0
0 0 0
0 0 0
0 0 0
0 0 0
0 0 0
0 0 0
0 0 0
0 0 0
0 0 0
0 0 0
0 0 0
0 0 0
0 0 0
0 0 0
0 0 0
0 0 0
0 0 0
0 0 0
0 0 0
0 0 0
0 0 0
0 0 0
0 0 0
0 0 0
0 0 0
0 0 0
0 0 0
0 0 0
0 0 0
0 0 0
0 0 0
0 0 0
0 0 0
0 0 0
0 0 0
0 0 0
0 0 0
0 0 0
0 0 0
0 0 0
0 0 0
0 0 0
0 0 0
0 0 0
0 0 0
0 0 0
0 0 0
0 0 0
0 0 0
0 0 0
0 0 0
0 0 0
0 0 0
0 0 0
0 0 0
0 0 0
0 0 0
0 0 0
0 0 0
0 0 0
0 0 0
0 0 0
0 0 0
0 0 0
0 0 0
0 0 0
0 0 0
