255 255 255
153 119 13
0 0 0
0 0 0
0 0 0
0 0 0
0 0 0
0 0 0
0 0 0
0 0 0
0 0 0
0 0 0
0 0 0
0 0 0
0 0 0
0 0 0
0 0 0
0 0 0
0 0 0
0 0 0
0 0 0
0 0 0
0 0 0
0 0 0
0 0 0
0 0 0
0 0 0
0 0 0
0 0 0
0 0 0
0 0 0
0 0 0
0 0 0
0 0 0
0 0 0
0 0 0
0 0 0
0 0 0
0 0 0
0 0 0
0 0 0
0 0 0
0 0 0
0 0 0
0 0 0
0 0 0
0 0 0
0 0 0
0 0 0
0 0 0
0 0 0
0 0 0
0 0 0
0 0 0
0 0 0
0 0 0
0 0 0
0 0 0
0 0 0
0 0 0
0 0 0
0 0 0
0 0 0
0 0 0
0 0 0
0 0 0
0 0 0
0 0 0
0 0 0
0 0 0
0 0 0
0 0 0
0 0 0
0 0 0
0 0 0
0 0 0
0 0 0
0 0 0
7 6 0
72 56 5
122 88 9
124 92 14
124 94 14
124 91 9
90 68 6
15 12 1
0 0 0
0 0 0
0 0 0
0 0 0
0 0 0
0 0 0
0 0 0
0 0 0
0 0 0
0 0 0
0 0 0
0 0 0
0 0 0
0 0 0
0 0 0
0 0 0
0 0 0
0 0 0
0 0 0
0 0 0
0 0 0
0 0 0
0 0 0
25 24 1
153 119 13
50 46 15
0 13 23
20 27 43
23 28 44
0 14 25
26 34 18
152 110 17
59 49 2
0 0 0
0 0 0
0 0 0
0 0 0
0 0 0
0 0 0
0 0 0
0 0 0
0 0 0
0 0 0
0 0 0
0 0 0
0 0 0
0 0 0
0 0 0
0 0 0
0 0 0
0 0 0
0 0 0
0 0 0
0 0 0
44 39 2
140 111 17
0 0 12
29 46 76
144 164 169
209 216 214
211 218 215
159 175 178
50 68 90
0 0 16
106 90 21
89 77 6
0 0 0
0 0 0
0 0 0
0 0 0
0 0 0
0 0 0
0 0 0
0 0 0
0 0 0
0 0 0
0 0 0
0 0 0
0 0 0
0 0 0
0 0 0
0 0 0
0 0 0
0 0 0
0 0 0
37 34 2
143 118 19
0 0 7
77 94 109
246 250 248
255 255 255
255 255 255
255 255 255
255 255 255
252 255 253
116 129 129
0 0 12
106 77 25
67 55 5
0 0 0
0 0 0
0 0 0
0 0 0
0 0 0
0 0 0
0 0 0
0 0 0
0 0 0
0 0 0
0 0 0
0 0 0
0 0 0
0 0 0
0 0 0
0 0 0
0 0 0
2 2 0
124 104 11
0 0 0
82 91 110
255 255 255
255 255 255
255 255 255
255 255 255
255 255 255
255 255 255
255 255 255
255 255 255
114 125 128
0 0 4
140 115 16
27 22 2
0 0 0
0 0 0
0 0 0
0 0 0
0 0 0
0 0 0
0 0 0
0 0 0
0 0 0
0 0 0
0 0 0
0 0 0
0 0 0
0 0 0
0 0 0
0 0 0
76 62 7
72 56 4
34 46 71
236 244 242
255 255 255
255 255 255
255 255 255
255 255 255
255 255 255
255 255 255
255 255 255
255 255 255
255 255 255
64 70 87
17 21 6
83 68 12
0 0 0
0 0 0
0 0 0
0 0 0
0 0 0
0 0 0
0 0 0
0 0 0
0 0 0
0 0 0
0 0 0
0 0 0
0 0 0
0 0 0
0 0 0
16 13 1
126 98 5
0 0 22
160 170 179
255 255 255
255 255 255
255 255 255
255 255 255
244 245 245
254 254 254
255 255 255
255 255 255
255 255 255
255 255 255
175 191 190
0 0 29
134 100 8
27 21 3
0 0 0
0 0 0
0 0 0
0 0 0
0 0 0
0 0 0
0 0 0
0 0 0
0 0 0
0 0 0
0 0 0
0 0 0
0 0 0
0 0 0
59 47 4
72 55 8
55 61 92
255 255 255
255 255 255
255 255 255
201 208 206
90 107 102
47 69 63
68 87 82
150 161 158
252 253 252
255 255 255
255 255 255
255 255 255
68 78 100
34 37 12
67 55 6
0 0 0
0 0 0
0 0 0
0 0 0
0 0 0
0 0 0
0 0 0
0 0 0
0 0 0
0 0 0
0 0 0
0 0 0
0 0 0
2 2 0
106 84 4
0 20 20
136 152 165
255 255 255
255 255 255
184 193 191
28 34 32
0 11 6
6 33 26
1 25 19
0 8 0
88 105 100
253 254 254
255 255 255
255 255 255
148 163 169
0 14 23
118 90 5
7 5 0
0 0 0
0 0 0
0 0 0
0 0 0
0 0 0
0 0 0
0 0 0
0 0 0
0 0 0
0 0 0
0 0 0
0 0 0
16 12 2
118 87 6
19 28 48
215 224 221
255 255 255
222 229 228
40 48 44
0 12 7
30 54 48
33 57 51
34 58 52
18 39 32
0 5 0
131 143 140
255 255 255
255 255 255
219 225 222
22 28 48
113 85 8
32 26 2
0 0 0
0 0 0
0 0 0
0 0 0
0 0 0
0 0 0
0 0 0
0 0 0
0 0 0
0 0 0
0 0 0
0 0 0
62 50 4
88 74 12
49 66 93
255 255 255
255 255 255
130 142 138
0 9 2
26 49 43
37 60 55
25 47 42
15 36 29
27 51 44
7 25 19
39 47 41
225 230 229
255 255 255
255 255 255
48 65 90
83 71 14
77 60 4
0 0 0
0 0 0
0 0 0
0 0 0
0 0 0
0 0 0
0 0 0
0 0 0
0 0 0
0 0 0
0 0 0
0 0 0
101 75 5
49 56 16
81 110 131
255 255 255
239 243 242
56 68 62
0 19 13
37 61 55
33 58 52
26 46 39
24 34 27
24 44 38
17 41 36
1 25 18
170 179 176
255 255 255
255 255 255
77 106 126
47 54 16
108 79 7
0 0 0
0 0 0
0 0 0
0 0 0
0 0 0
0 0 0
0 0 0
0 0 0
0 0 0
0 0 0
0 0 0
0 0 0
118 85 7
30 45 18
118 140 155
255 255 255
205 211 210
22 41 35
6 28 21
38 61 55
9 32 25
107 122 118
212 218 218
136 148 146
7 32 26
0 21 14
141 152 149
255 255 255
255 255 255
109 131 145
31 45 18
119 86 8
0 0 0
0 0 0
0 0 0
0 0 0
0 0 0
0 0 0
0 0 0
0 0 0
0 0 0
0 0 0
0 0 0
0 0 0
122 89 8
22 40 22
143 161 171
255 255 255
190 196 194
9 35 28
9 36 29
37 60 54
3 21 14
141 152 148
255 255 255
192 199 197
0 26 20
0 20 13
121 134 130
255 255 255
255 255 255
129 148 158
23 40 20
121 89 9
0 0 0
0 0 0
0 0 0
0 0 0
0 0 0
0 0 0
0 0 0
0 0 0
0 0 0
0 0 0
0 0 0
0 0 0
122 90 8
20 39 24
152 168 177
255 255 255
186 193 191
7 33 26
11 37 30
37 60 54
3 23 16
135 147 144
255 255 255
181 189 186
2 29 21
0 20 13
117 131 127
255 255 255
255 255 255
136 154 164
20 39 21
121 89 9
0 0 0
0 0 0
0 0 0
0 0 0
0 0 0
0 0 0
0 0 0
0 0 0
0 0 0
0 0 0
0 0 0
0 0 0
122 89 7
22 40 22
143 160 171
255 255 255
196 203 201
15 37 31
7 31 25
38 61 55
3 23 16
136 147 144
255 255 255
180 188 186
0 27 19
0 20 12
135 147 143
255 255 255
255 255 255
127 146 158
24 42 20
120 88 9
0 0 0
0 0 0
0 0 0
0 0 0
0 0 0
0 0 0
0 0 0
0 0 0
0 0 0
0 0 0
0 0 0
0 0 0
118 85 7
30 45 18
119 141 155
255 255 255
222 227 226
39 52 46
2 22 15
38 63 57
3 23 16
136 147 144
255 255 255
182 190 188
0 15 8
1 22 15
168 177 174
255 255 255
255 255 255
104 128 143
34 47 18
116 84 7
0 0 0
0 0 0
0 0 0
0 0 0
0 0 0
0 0 0
0 0 0
0 0 0
0 0 0
0 0 0
0 0 0
0 0 0
101 75 6
49 56 15
83 112 133
255 255 255
255 255 255
92 105 102
0 14 6
35 59 53
3 23 17
136 147 144
255 255 255
182 192 190
0 0 0
42 46 42
226 231 230
255 255 255
255 255 255
68 99 123
56 60 15
98 74 5
0 0 0
0 0 0
0 0 0
0 0 0
0 0 0
0 0 0
0 0 0
0 0 0
0 0 0
0 0 0
0 0 0
0 0 0
63 50 3
86 73 12
50 69 96
255 255 255
255 255 255
182 192 191
8 20 13
14 33 26
6 28 22
136 147 144
255 255 255
174 177 175
0 0 0
127 140 136
255 255 255
255 255 255
255 255 254
44 58 84
95 77 11
56 44 3
0 0 0
0 0 0
0 0 0
0 0 0
0 0 0
0 0 0
0 0 0
0 0 0
0 0 0
0 0 0
0 0 0
0 0 0
16 12 2
116 85 7
21 30 50
220 227 224
255 255 255
255 255 255
124 134 131
0 18 10
0 17 10
139 150 147
255 255 255
145 153 150
49 64 59
250 252 253
255 255 255
255 255 255
207 217 215
14 26 44
116 85 4
14 11 1
0 0 0
0 0 0
0 0 0
0 0 0
0 0 0
0 0 0
0 0 0
0 0 0
0 0 0
0 0 0
0 0 0
0 0 0
3 2 0
108 84 4
0 19 22
143 158 168
255 255 255
255 255 255
255 255 255
104 120 116
0 0 0
134 143 140
252 253 253
213 217 216
213 218 217
255 255 255
255 255 255
255 255 255
128 145 163
0 24 19
94 75 3
0 0 0
0 0 0
0 0 0
0 0 0
0 0 0
0 0 0
0 0 0
0 0 0
0 0 0
0 0 0
0 0 0
0 0 0
0 0 0
0 0 0
61 50 5
59 48 10
59 65 95
255 255 255
255 255 255
255 255 255
153 165 162
3 7 6
130 138 136
255 255 255
255 255 255
255 255 255
255 255 255
255 255 255
255 255 255
50 58 90
86 64 6
46 37 3
0 0 0
0 0 0
0 0 0
0 0 0
0 0 0
0 0 0
0 0 0
0 0 0
0 0 0
0 0 0
0 0 0
0 0 0
0 0 0
0 0 0
20 15 2
128 100 7
0 0 23
165 175 179
255 255 255
255 255 255
150 163 160
2 7 5
130 138 136
255 255 255
255 255 255
255 255 255
255 255 255
255 255 255
155 164 179
0 0 20
112 89 4
6 5 0
0 0 0
0 0 0
0 0 0
0 0 0
0 0 0
0 0 0
0 0 0
0 0 0
0 0 0
0 0 0
0 0 0
0 0 0
0 0 0
0 0 0
0 0 0
79 65 8
54 45 7
37 48 68
236 244 239
255 255 255
149 162 158
2 6 5
130 139 137
255 255 255
255 255 255
255 255 255
255 255 255
231 240 241
25 39 70
98 72 0
60 52 4
0 0 0
0 0 0
0 0 0
0 0 0
0 0 0
0 0 0
0 0 0
0 0 0
0 0 0
0 0 0
0 0 0
0 0 0
0 0 0
0 0 0
0 0 0
0 0 0
10 8 1
130 109 14
0 0 2
81 87 102
255 255 255
164 175 172
4 8 7
130 138 136
255 255 255
255 255 255
255 255 255
254 255 255
73 82 108
4 4 0
101 81 11
0 0 0
0 0 0
0 0 0
0 0 0
0 0 0
0 0 0
0 0 0
0 0 0
0 0 0
0 0 0
0 0 0
0 0 0
0 0 0
0 0 0
0 0 0
0 0 0
0 0 0
0 0 0
45 38 3
133 101 27
0 0 5
104 116 124
151 168 158
13 17 15
137 144 142
255 255 255
255 255 255
240 246 244
63 77 101
0 0 5
139 116 14
13 11 1
0 0 0
0 0 0
0 0 0
0 0 0
0 0 0
0 0 0
0 0 0
0 0 0
0 0 0
0 0 0
0 0 0
0 0 0
0 0 0
0 0 0
0 0 0
0 0 0
0 0 0
0 0 0
0 0 0
56 52 2
131 112 22
0 0 28
5 22 51
4 31 31
102 118 113
188 199 197
123 142 149
22 31 64
10 5 9
145 116 13
24 22 1
0 0 0
0 0 0
0 0 0
0 0 0
0 0 0
0 0 0
0 0 0
0 0 0
0 0 0
0 0 0
0 0 0
0 0 0
0 0 0
0 0 0
0 0 0
0 0 0
0 0 0
0 0 0
0 0 0
0 0 0
0 0 0
34 27 1
146 104 14
64 60 32
8 46 57
7 28 44
12 18 29
0 13 20
67 56 17
137 106 9
13 12 0
0 0 0
0 0 0
0 0 0
0 0 0
0 0 0
0 0 0
0 0 0
0 0 0
0 0 0
0 0 0
0 0 0
0 0 0
0 0 0
0 0 0
0 0 0
0 0 0
0 0 0
0 0 0
0 0 0
0 0 0
0 0 0
0 0 0
0 0 0
9 7 0
76 60 6
128 98 17
130 101 21
127 94 14
120 88 10
61 48 4
5 4 0
0 0 0
0 0 0
0 0 0
0 0 0
0 0 0
0 0 0
0 0 0
0 0 0
0 0 0
0 0 0
0 0 0
0 0 0
0 0 0
0 0 0
0 0 0
0 0 0
0 0 0
0 0 0
0 0 0
0 0 0
0 0 0
0 0 0
0 0 0
0 0 0
0 0 0
0 0 0
0 0 0
0 0 0
0 0 0
0 0 0
0 0 0
0 0 0
0 0 0
0 0 0
0 0 0
0 0 0
0 0 0
0 0 0
0 0 0
0 0 0
0 0 0
0 0 0
0 0 0
0 0 0
