255 255 255
153 119 13
0 0 0
0 0 0
0 0 0
0 0 0
0 0 0
0 0 0
0 0 0
0 0 0
0 0 0
0 0 0
0 0 0
0 0 0
0 0 0
0 0 0
0 0 0
0 0 0
0 0 0
0 0 0
0 0 0
0 0 0
0 0 0
0 0 0
0 0 0
0 0 0
0 0 0
0 0 0
0 0 0
0 0 0
0 0 0
0 0 0
0 0 0
0 0 0
0 0 0
0 0 0
0 0 0
0 0 0
0 0 0
0 0 0
0 0 0
0 0 0
0 0 0
0 0 0
0 0 0
0 0 0
0 0 0
0 0 0
0 0 0
0 0 0
0 0 0
0 0 0
0 0 0
0 0 0
0 0 0
0 0 0
0 0 0
0 0 0
0 0 0
0 0 0
0 0 0
0 0 0
0 0 0
0 0 0
0 0 0
0 0 0
0 0 0
0 0 0
0 0 0
0 0 0
0 0 0
0 0 0
0 0 0
0 0 0
0 0 0
0 0 0
0 0 0
0 0 0
25 20 0
107 93 16
156 125 33
156 130 33
165 134 41
156 125 25
132 109 25
33 32 0
0 0 0
0 0 0
0 0 0
0 0 0
0 0 0
0 0 0
0 0 0
0 0 0
0 0 0
0 0 0
0 0 0
0 0 0
0 0 0
0 0 0
0 0 0
0 0 0
0 0 0
0 0 0
0 0 0
0 0 0
0 0 0
0 0 0
0 0 0
58 53 8
181 154 33
90 81 41
0 36 49
49 57 82
49 57 74
0 36 58
58 65 41
181 146 41
99 85 8
0 0 0
0 0 0
0 0 0
0 0 0
0 0 0
0 0 0
0 0 0
0 0 0
0 0 0
0 0 0
0 0 0
0 0 0
0 0 0
0 0 0
0 0 0
0 0 0
0 0 0
0 0 0
0 0 0
0 0 0
0 0 0
82 73 8
165 146 41
0 0 33
58 81 115
173 190 197
222 227 222
230 231 230
181 198 197
90 105 132
0 0 33
148 130 49
123 113 16
0 0 0
0 0 0
0 0 0
0 0 0
0 0 0
0 0 0
0 0 0
0 0 0
0 0 0
0 0 0
0 0 0
0 0 0
0 0 0
0 0 0
0 0 0
0 0 0
0 0 0
0 0 0
0 0 0
74 69 8
173 150 41
0 0 25
115 130 148
255 251 255
255 255 255
255 255 255
255 255 255
255 255 255
255 255 255
148 162 165
0 0 33
140 117 58
99 89 16
0 0 0
0 0 0
0 0 0
0 0 0
0 0 0
0 0 0
0 0 0
0 0 0
0 0 0
0 0 0
0 0 0
0 0 0
0 0 0
0 0 0
0 0 0
0 0 0
0 0 0
16 12 0
156 138 25
0 0 0
115 125 140
255 255 255
255 255 255
255 255 255
255 255 255
255 255 255
255 255 255
255 255 255
255 255 255
148 162 165
0 0 16
173 150 41
58 49 8
0 0 0
0 0 0
0 0 0
0 0 0
0 0 0
0 0 0
0 0 0
0 0 0
0 0 0
0 0 0
0 0 0
0 0 0
0 0 0
0 0 0
0 0 0
0 0 0
115 97 25
107 93 16
66 81 107
247 247 247
255 255 255
255 255 255
255 255 255
255 255 255
255 255 255
255 255 255
255 255 255
255 255 255
255 255 255
99 109 123
41 49 16
123 105 33
0 0 0
0 0 0
0 0 0
0 0 0
0 0 0
0 0 0
0 0 0
0 0 0
0 0 0
0 0 0
0 0 0
0 0 0
0 0 0
0 0 0
0 0 0
33 32 0
165 138 25
0 0 49
189 194 206
255 255 255
255 255 255
255 255 255
255 255 255
247 247 247
255 255 255
255 255 255
255 255 255
255 255 255
255 255 255
197 210 206
0 0 66
165 134 25
58 49 16
0 0 0
0 0 0
0 0 0
0 0 0
0 0 0
0 0 0
0 0 0
0 0 0
0 0 0
0 0 0
0 0 0
0 0 0
0 0 0
0 0 0
99 81 16
107 93 25
90 97 132
255 255 255
255 255 255
255 255 255
222 223 222
123 142 140
82 105 99
107 125 123
181 190 189
255 251 255
255 255 255
255 255 255
255 255 255
107 113 132
66 69 33
107 93 16
0 0 0
0 0 0
0 0 0
0 0 0
0 0 0
0 0 0
0 0 0
0 0 0
0 0 0
0 0 0
0 0 0
0 0 0
0 0 0
16 12 0
140 121 16
0 49 49
165 178 189
255 255 255
255 255 255
206 215 214
58 65 58
0 32 25
16 65 49
8 57 49
0 24 0
132 142 140
255 255 255
255 255 255
255 255 255
181 190 197
0 36 49
156 130 25
16 16 0
0 0 0
0 0 0
0 0 0
0 0 0
0 0 0
0 0 0
0 0 0
0 0 0
0 0 0
0 0 0
0 0 0
0 0 0
41 32 8
156 125 25
41 57 82
230 235 230
255 255 255
230 239 239
74 85 74
0 32 25
58 89 82
66 93 90
66 93 90
41 73 66
0 16 0
165 174 173
255 255 255
255 255 255
230 235 230
49 61 82
148 121 25
66 57 8
0 0 0
0 0 0
0 0 0
0 0 0
0 0 0
0 0 0
0 0 0
0 0 0
0 0 0
0 0 0
0 0 0
0 0 0
99 89 16
123 109 33
90 105 132
255 255 255
255 255 255
156 170 165
0 28 16
49 85 74
74 97 90
49 81 74
41 73 66
58 85 74
25 57 49
66 81 74
239 239 239
255 255 255
255 255 255
82 101 123
123 109 41
115 97 16
0 0 0
0 0 0
0 0 0
0 0 0
0 0 0
0 0 0
0 0 0
0 0 0
0 0 0
0 0 0
0 0 0
0 0 0
140 113 16
82 93 41
115 146 165
255 255 255
239 247 247
90 105 99
0 45 33
74 97 90
66 93 90
58 81 74
49 65 58
58 81 74
41 73 66
8 53 41
197 202 197
255 255 255
255 255 255
115 142 156
82 89 41
148 117 25
0 0 0
0 0 0
0 0 0
0 0 0
0 0 0
0 0 0
0 0 0
0 0 0
0 0 0
0 0 0
0 0 0
0 0 0
156 125 25
58 77 41
156 174 189
255 255 255
222 227 230
49 73 66
25 61 49
66 97 90
33 65 58
140 154 148
230 231 230
165 174 173
25 65 58
0 49 33
173 182 181
255 255 255
255 255 255
140 162 173
66 81 49
148 121 25
0 0 0
0 0 0
0 0 0
0 0 0
0 0 0
0 0 0
0 0 0
0 0 0
0 0 0
0 0 0
0 0 0
0 0 0
156 125 25
49 73 49
173 186 197
255 255 255
206 215 214
25 69 58
25 69 58
74 97 90
8 49 33
173 182 181
255 255 255
214 219 214
0 57 49
0 49 33
156 166 165
255 255 255
255 255 255
165 178 189
49 73 49
156 125 25
0 0 0
0 0 0
0 0 0
0 0 0
0 0 0
0 0 0
0 0 0
0 0 0
0 0 0
0 0 0
0 0 0
0 0 0
156 130 25
41 73 49
181 194 206
255 255 255
206 215 214
16 65 49
33 73 66
66 97 90
16 53 41
165 174 173
255 255 255
197 206 206
8 61 49
0 45 33
156 166 165
255 255 255
255 255 255
165 182 189
49 73 49
156 125 25
0 0 0
0 0 0
0 0 0
0 0 0
0 0 0
0 0 0
0 0 0
0 0 0
0 0 0
0 0 0
0 0 0
0 0 0
156 125 25
49 73 49
173 186 197
255 255 255
214 219 214
41 69 66
25 61 58
74 97 90
8 49 41
165 178 173
255 255 255
206 210 206
0 57 41
0 49 33
165 178 173
255 255 255
255 255 255
165 174 189
49 77 49
156 125 33
0 0 0
0 0 0
0 0 0
0 0 0
0 0 0
0 0 0
0 0 0
0 0 0
0 0 0
0 0 0
0 0 0
0 0 0
156 125 25
58 77 41
156 174 189
255 255 255
239 239 239
74 85 82
16 53 41
66 97 90
16 53 41
165 174 173
255 255 255
197 206 206
0 40 25
0 49 33
197 202 197
255 255 255
255 255 255
140 158 173
66 85 49
148 121 16
0 0 0
0 0 0
0 0 0
0 0 0
0 0 0
0 0 0
0 0 0
0 0 0
0 0 0
0 0 0
0 0 0
0 0 0
140 113 16
82 93 41
123 146 165
255 255 255
255 255 255
132 142 140
0 36 16
66 97 90
8 53 41
173 178 173
255 255 255
206 210 214
0 0 0
74 81 74
230 239 239
255 255 255
255 255 255
107 138 156
90 97 41
132 113 16
0 0 0
0 0 0
0 0 0
0 0 0
0 0 0
0 0 0
0 0 0
0 0 0
0 0 0
0 0 0
0 0 0
0 0 0
99 89 16
123 109 33
90 109 140
255 255 255
255 255 255
197 210 206
33 49 41
33 65 49
25 61 49
165 174 173
255 255 255
197 198 197
0 0 0
156 170 165
255 255 255
255 255 255
255 255 255
74 93 115
140 117 33
90 77 8
0 0 0
0 0 0
0 0 0
0 0 0
0 0 0
0 0 0
0 0 0
0 0 0
0 0 0
0 0 0
0 0 0
0 0 0
41 32 8
148 121 25
49 61 82
230 239 239
255 255 255
255 255 255
156 166 165
0 45 33
0 40 25
173 178 181
255 255 255
181 182 181
82 101 90
255 255 255
255 255 255
255 255 255
222 227 222
33 57 82
148 121 16
41 32 8
0 0 0
0 0 0
0 0 0
0 0 0
0 0 0
0 0 0
0 0 0
0 0 0
0 0 0
0 0 0
0 0 0
0 0 0
16 12 0
140 121 16
0 45 49
173 182 189
255 255 255
255 255 255
255 255 255
140 154 148
0 0 0
165 174 165
255 255 255
222 227 222
230 231 230
255 255 255
255 255 255
255 255 255
165 178 189
0 53 41
132 113 16
0 0 0
0 0 0
0 0 0
0 0 0
0 0 0
0 0 0
0 0 0
0 0 0
0 0 0
0 0 0
0 0 0
0 0 0
0 0 0
0 0 0
99 85 16
99 85 25
99 101 132
255 255 255
255 255 255
255 255 255
181 190 189
8 24 16
165 170 173
255 255 255
255 255 255
255 255 255
255 255 255
255 255 255
255 255 255
82 93 123
123 101 25
82 69 8
0 0 0
0 0 0
0 0 0
0 0 0
0 0 0
0 0 0
0 0 0
0 0 0
0 0 0
0 0 0
0 0 0
0 0 0
0 0 0
0 0 0
41 36 8
165 138 25
0 0 49
189 198 206
255 255 255
255 255 255
173 186 181
8 24 25
156 166 165
255 255 255
255 255 255
255 255 255
255 255 255
255 255 255
181 190 197
0 0 49
140 125 8
25 20 0
0 0 0
0 0 0
0 0 0
0 0 0
0 0 0
0 0 0
0 0 0
0 0 0
0 0 0
0 0 0
0 0 0
0 0 0
0 0 0
0 0 0
0 0 0
115 101 25
90 81 25
66 81 107
239 247 247
255 255 255
181 190 189
8 20 16
165 170 173
255 255 255
255 255 255
255 255 255
255 255 255
239 247 247
58 73 107
132 109 0
99 89 16
0 0 0
0 0 0
0 0 0
0 0 0
0 0 0
0 0 0
0 0 0
0 0 0
0 0 0
0 0 0
0 0 0
0 0 0
0 0 0
0 0 0
0 0 0
0 0 0
33 28 8
156 142 33
0 0 16
115 121 132
255 255 255
189 198 189
16 28 25
156 170 165
255 255 255
255 255 255
255 255 255
255 255 255
115 121 148
16 16 0
140 121 33
0 0 0
0 0 0
0 0 0
0 0 0
0 0 0
0 0 0
0 0 0
0 0 0
0 0 0
0 0 0
0 0 0
0 0 0
0 0 0
0 0 0
0 0 0
0 0 0
0 0 0
0 0 0
82 73 16
165 138 58
0 0 16
140 150 156
181 194 189
33 40 41
173 174 173
255 255 255
255 255 255
247 247 247
99 117 140
0 0 16
173 150 41
33 32 8
0 0 0
0 0 0
0 0 0
0 0 0
0 0 0
0 0 0
0 0 0
0 0 0
0 0 0
0 0 0
0 0 0
0 0 0
0 0 0
0 0 0
0 0 0
0 0 0
0 0 0
0 0 0
0 0 0
99 89 8
156 146 49
0 0 66
16 49 82
16 65 66
132 150 148
214 219 222
156 170 173
49 65 107
25 16 25
181 154 41
49 49 0
0 0 0
0 0 0
0 0 0
0 0 0
0 0 0
0 0 0
0 0 0
0 0 0
0 0 0
0 0 0
0 0 0
0 0 0
0 0 0
0 0 0
0 0 0
0 0 0
0 0 0
0 0 0
0 0 0
0 0 0
0 0 0
66 57 8
173 142 33
107 97 66
25 81 90
25 57 82
33 45 58
0 36 49
99 93 41
173 142 25
33 32 0
0 0 0
0 0 0
0 0 0
0 0 0
0 0 0
0 0 0
0 0 0
0 0 0
0 0 0
0 0 0
0 0 0
0 0 0
0 0 0
0 0 0
0 0 0
0 0 0
0 0 0
0 0 0
0 0 0
0 0 0
0 0 0
0 0 0
0 0 0
33 24 0
107 97 16
165 138 41
156 138 49
165 134 41
148 125 25
99 85 16
16 16 0
0 0 0
0 0 0
0 0 0
0 0 0
0 0 0
0 0 0
0 0 0
0 0 0
0 0 0
0 0 0
0 0 0
0 0 0
0 0 0
0 0 0
0 0 0
0 0 0
0 0 0
0 0 0
0 0 0
0 0 0
0 0 0
0 0 0
0 0 0
0 0 0
0 0 0
0 0 0
0 0 0
0 0 0
0 0 0
0 0 0
0 0 0
0 0 0
0 0 0
0 0 0
0 0 0
0 0 0
0 0 0
0 0 0
0 0 0
0 0 0
0 0 0
0 0 0
0 0 0
0 0 0
