255 255 255
52 76 80
0 0 0
0 0 0
0 0 0
0 0 0
0 0 0
0 0 0
0 0 0
0 0 0
0 0 0
0 0 0
0 0 0
0 0 0
0 0 0
0 0 0
0 0 0
0 0 0
0 0 0
0 0 0
0 0 0
0 0 0
0 8 8
0 8 8
0 0 0
0 0 0
0 0 0
0 0 0
0 0 0
0 0 0
0 0 0
0 0 0
0 0 0
0 0 0
0 0 0
0 0 0
0 0 0
0 0 0
0 0 0
0 0 0
0 0 0
0 0 0
0 0 0
0 0 0
0 0 0
0 0 0
0 0 0
0 0 0
0 0 0
0 0 0
0 0 0
0 0 0
0 0 0
0 20 25
0 24 25
0 0 8
0 12 8
8 40 41
8 8 8
0 0 0
0 0 0
0 0 0
0 0 0
0 0 0
0 0 0
0 0 0
0 0 0
0 0 0
0 0 0
0 0 0
0 0 0
0 0 0
0 0 0
0 0 0
0 0 0
0 0 0
0 0 0
0 0 0
0 0 0
0 0 0
0 0 0
0 0 0
0 0 0
0 0 0
0 16 16
0 28 33
99 117 123
156 158 156
107 113 115
0 57 58
0 28 33
0 0 0
0 0 0
0 0 0
0 0 0
0 0 0
0 0 0
0 0 0
0 0 0
0 0 0
0 0 0
0 0 0
0 0 0
0 0 0
0 0 0
0 0 0
0 0 0
0 0 0
0 0 0
0 0 0
0 0 0
0 0 0
0 0 0
0 0 0
8 16 16
16 77 82
0 32 33
99 105 107
214 210 214
239 243 247
247 243 247
140 150 156
0 16 25
0 0 0
0 0 0
0 0 0
0 0 0
0 0 0
0 0 0
0 0 0
0 0 0
0 0 0
0 0 0
0 0 0
0 0 0
0 0 0
0 0 0
0 0 0
0 0 0
0 0 0
0 0 0
0 0 0
0 0 0
0 0 0
0 0 0
0 0 0
16 49 58
0 12 25
82 89 90
206 210 214
222 231 239
156 154 156
99 101 107
156 162 165
41 77 82
0 0 0
0 0 0
0 0 0
0 0 0
0 0 0
0 0 0
0 0 0
0 0 0
0 0 0
0 0 0
0 0 0
0 0 0
0 0 0
0 0 0
0 0 0
0 0 0
0 0 0
0 0 0
0 0 0
0 0 0
0 0 0
0 0 0
0 0 8
74 89 90
156 146 148
132 134 132
214 215 222
181 186 189
25 28 33
0 0 0
41 85 90
33 69 74
0 0 0
0 0 0
0 0 0
0 0 0
0 0 0
0 0 0
0 0 0
0 0 0
0 0 0
0 0 0
0 0 0
0 0 0
0 0 0
0 0 0
0 0 0
0 0 0
0 0 0
0 0 0
0 0 0
0 0 0
0 0 0
0 8 8
0 0 0
214 215 214
206 206 206
99 105 107
197 206 206
140 134 140
0 4 8
16 32 33
0 32 33
8 28 33
0 0 0
0 0 0
0 0 0
0 0 0
0 0 0
0 0 0
0 0 0
0 0 0
0 0 0
0 0 0
0 0 0
0 0 0
0 0 0
0 0 0
0 0 0
0 0 0
0 0 0
0 0 0
0 0 0
0 0 0
0 0 0
0 0 0
197 194 197
255 255 255
99 93 90
41 45 49
222 227 230
90 93 90
0 0 8
8 45 49
16 49 49
8 36 41
8 32 33
0 0 0
0 0 0
0 0 0
0 0 0
0 0 0
0 0 0
0 0 0
0 0 0
0 0 0
0 0 0
0 0 0
0 0 0
0 0 0
0 0 0
0 0 0
0 0 0
0 0 0
0 0 0
0 0 0
0 20 33
206 210 214
255 255 255
132 125 132
33 40 41
82 89 90
148 150 148
82 81 82
58 69 66
90 113 123
107 121 123
123 142 148
0 65 66
0 0 0
0 0 0
0 0 0
0 0 0
0 0 0
0 0 0
0 0 0
0 0 0
0 0 0
0 0 0
0 0 0
0 0 0
0 0 0
0 0 0
0 0 0
0 0 0
0 0 0
0 0 0
0 0 16
197 206 206
255 255 255
74 73 74
0 0 0
82 101 107
189 194 197
156 154 156
49 53 58
0 0 0
90 81 82
148 142 148
99 125 132
0 32 33
0 0 0
0 0 0
0 0 0
0 0 0
0 0 0
0 0 0
0 0 0
0 0 0
0 0 0
0 0 0
0 0 0
0 0 0
0 0 0
0 0 0
0 0 0
0 0 0
0 0 0
0 0 0
173 178 181
255 255 255
140 134 140
0 0 0
156 162 165
206 215 214
247 243 247
165 166 165
156 158 156
132 130 132
148 150 156
74 109 107
0 24 33
0 0 0
0 0 0
0 0 0
0 0 0
0 0 0
0 0 0
0 0 0
0 0 0
0 0 0
0 0 0
0 0 0
0 0 0
0 0 0
0 0 0
0 0 0
0 0 0
0 0 0
0 0 0
90 121 123
255 255 255
206 206 206
140 142 140
230 235 239
247 247 247
255 255 255
230 231 230
107 105 107
148 158 156
115 138 140
8 53 58
0 0 0
0 0 0
0 0 0
0 0 0
0 0 0
0 0 0
0 0 0
0 0 0
0 0 0
0 0 0
0 0 0
0 0 0
0 0 0
0 0 0
0 0 0
0 0 0
0 0 0
0 0 0
0 0 0
0 0 8
156 170 165
255 255 255
189 194 189
247 243 247
247 251 247
255 255 255
255 255 255
222 223 222
33 36 33
0 8 16
0 16 16
0 0 0
0 0 0
0 0 0
0 0 0
0 0 0
0 0 0
0 0 0
0 0 0
0 0 0
0 0 0
0 0 0
0 0 0
0 0 0
0 0 0
0 0 0
0 0 0
0 0 0
0 0 0
0 0 0
0 40 41
0 36 41
206 202 206
255 255 255
230 231 230
255 255 255
255 255 255
255 251 255
255 255 255
197 202 197
25 53 58
0 45 49
0 0 0
0 0 0
0 0 0
0 0 0
0 0 0
0 0 0
0 0 0
0 0 0
0 0 0
0 0 0
0 0 0
0 0 0
0 0 0
0 0 0
0 0 0
0 0 0
0 0 0
0 0 0
0 0 0
0 0 0
0 53 58
90 130 132
255 255 255
255 255 255
247 251 247
255 255 255
255 255 255
230 227 230
239 243 247
156 150 156
25 61 58
0 53 58
0 0 0
0 0 0
0 0 0
0 0 0
0 0 0
0 0 0
0 0 0
0 0 0
0 0 0
0 0 0
0 0 0
0 0 0
0 0 0
0 0 0
0 0 0
0 0 0
0 0 0
0 0 0
0 0 0
16 32 33
0 61 66
181 194 197
255 255 255
247 251 247
247 247 247
255 255 255
230 227 230
181 182 181
222 227 230
132 134 132
99 93 99
0 16 25
25 69 74
25 69 74
16 28 33
0 0 0
0 0 0
0 0 0
0 0 0
0 0 0
0 0 0
0 0 0
0 0 0
0 0 0
0 0 0
0 0 0
0 0 0
0 0 0
0 0 0
0 0 0
0 0 0
0 0 0
58 81 82
255 247 247
255 255 255
230 231 230
230 231 230
255 255 255
181 186 181
181 178 181
197 202 206
99 105 107
148 154 156
33 32 33
0 0 0
33 77 82
16 49 49
0 0 0
0 0 0
0 0 0
0 0 0
0 0 0
0 0 0
0 0 0
0 0 0
0 0 0
0 0 0
0 0 0
0 0 0
0 0 0
0 0 0
0 0 0
0 0 0
0 0 0
132 154 156
255 255 255
255 255 255
197 194 197
239 239 239
255 255 255
148 150 148
189 190 197
189 194 197
16 16 16
189 194 197
197 198 197
0 0 0
0 57 58
8 20 16
0 0 0
0 0 0
0 0 0
0 0 0
0 0 0
0 0 0
0 0 0
0 0 0
0 0 0
0 0 0
0 0 0
0 0 0
0 0 0
0 0 0
0 0 0
0 0 0
0 61 66
140 150 148
255 247 247
239 243 247
173 174 181
255 255 255
206 210 214
115 117 115
206 206 206
197 206 206
49 53 58
82 81 82
123 113 115
0 24 25
16 53 58
0 0 0
0 0 0
0 0 0
0 0 0
0 0 0
0 0 0
0 0 0
0 0 0
0 0 0
0 0 0
0 0 0
0 0 0
0 0 0
0 0 0
0 0 0
0 0 0
0 28 33
0 40 49
99 93 99
255 255 255
206 206 206
173 170 173
255 255 255
165 166 173
99 97 99
197 202 206
214 219 222
123 125 132
0 0 0
0 16 16
33 89 90
8 28 25
0 0 0
0 0 0
0 0 0
0 0 0
0 0 0
0 0 0
0 0 0
0 0 0
0 0 0
0 0 0
0 0 0
0 0 0
0 0 0
0 0 0
0 0 0
0 0 0
8 53 58
0 40 49
140 142 140
255 255 255
156 166 165
173 174 173
247 251 255
140 146 148
74 81 82
197 202 206
197 202 206
206 210 214
90 89 90
0 0 0
25 73 74
8 20 25
0 0 0
0 0 0
0 0 0
0 0 0
0 0 0
0 0 0
0 0 0
0 0 0
0 0 0
0 0 0
0 0 0
0 0 0
0 0 0
0 0 0
0 0 0
0 0 0
25 89 99
0 73 82
181 182 181
255 255 255
140 142 148
165 166 165
247 251 255
140 150 148
66 61 66
189 194 197
206 206 214
222 231 230
115 109 107
0 8 8
25 61 66
0 0 0
0 0 0
0 0 0
0 0 0
0 0 0
0 0 0
0 0 0
0 0 0
0 0 0
0 0 0
0 0 0
0 0 0
0 0 0
0 0 0
0 0 0
0 0 0
16 16 16
0 61 66
0 53 58
197 198 197
255 255 255
123 125 123
156 158 165
230 239 239
165 170 173
16 12 8
189 194 197
230 235 239
107 101 107
0 0 0
25 81 90
0 4 0
0 0 0
0 0 0
0 0 0
0 0 0
0 0 0
0 0 0
0 0 0
0 0 0
0 0 0
0 0 0
0 0 0
0 0 0
0 0 0
0 0 0
0 0 0
0 0 0
0 0 0
0 20 25
58 81 82
214 215 214
230 231 230
107 109 115
140 142 140
222 223 230
206 206 214
41 40 41
107 113 115
123 121 123
0 0 0
16 81 90
8 36 41
0 0 0
0 0 0
0 0 0
0 0 0
0 0 0
0 0 0
0 0 0
0 0 0
0 0 0
0 0 0
0 0 0
0 0 0
0 0 0
0 0 0
0 0 0
0 0 0
0 0 0
0 0 0
0 24 25
90 109 115
214 215 214
222 231 230
99 101 99
132 134 140
230 239 239
181 186 189
8 4 0
0 0 0
0 16 16
25 89 99
8 45 49
0 0 0
0 0 0
0 0 0
0 0 0
0 0 0
0 0 0
0 0 0
0 0 0
0 0 0
0 0 0
0 0 0
0 0 0
0 0 0
0 0 0
0 0 0
0 0 0
0 0 0
0 0 0
8 20 16
0 32 41
115 125 123
247 251 255
173 182 181
0 0 0
165 170 173
189 190 197
16 16 16
0 8 16
8 49 49
25 97 107
8 40 41
0 0 0
0 0 0
0 0 0
0 0 0
0 0 0
0 0 0
0 0 0
0 0 0
0 0 0
0 0 0
0 0 0
0 0 0
0 0 0
0 0 0
0 0 0
0 0 0
0 0 0
0 0 0
0 0 0
16 53 58
0 49 58
123 121 123
156 154 156
16 0 0
0 0 0
74 69 74
33 16 16
0 49 49
33 113 123
25 105 115
8 36 33
0 0 0
0 0 0
0 0 0
0 0 0
0 0 0
0 0 0
0 0 0
0 0 0
0 0 0
0 0 0
0 0 0
0 0 0
0 0 0
0 0 0
0 0 0
0 0 0
0 0 0
0 0 0
0 0 0
0 0 0
25 73 74
16 73 82
8 0 0
0 0 0
8 65 74
16 45 49
0 0 0
8 73 82
8 40 41
16 40 41
8 32 33
0 0 0
0 0 0
0 0 0
0 0 0
0 0 0
0 0 0
0 0 0
0 0 0
0 0 0
0 0 0
0 0 0
0 0 0
0 0 0
0 0 0
0 0 0
0 0 0
0 0 0
0 0 0
0 0 0
0 0 0
0 0 0
25 81 82
16 81 82
16 61 66
8 57 58
33 85 90
16 93 99
25 77 82
8 32 33
0 0 0
0 0 0
0 0 0
0 0 0
0 0 0
0 0 0
0 0 0
0 0 0
0 0 0
0 0 0
0 0 0
0 0 0
0 0 0
0 0 0
0 0 0
0 0 0
0 0 0
0 0 0
0 0 0
0 0 0
0 0 0
0 0 0
0 0 0
8 0 0
25 101 107
25 105 115
16 53 58
0 0 0
25 65 66
25 89 90
0 0 0
0 0 0
0 0 0
0 0 0
0 0 0
0 0 0
0 0 0
0 0 0
0 0 0
0 0 0
0 0 0
0 0 0
0 0 0
0 0 0
0 0 0
0 0 0
0 0 0
0 0 0
0 0 0
0 0 0
0 0 0
0 0 0
0 0 0
0 0 0
0 0 0
0 12 8
25 45 49
8 12 8
0 0 0
0 0 0
16 12 8
0 4 0
0 0 0
0 0 0
0 0 0
0 0 0
0 0 0
0 0 0
0 0 0
0 0 0
0 0 0
0 0 0
0 0 0
0 0 0
0 0 0
0 0 0
0 0 0
0 0 0
0 0 0
0 0 0
0 0 0
0 0 0
0 0 0
0 0 0
0 0 0
0 0 0
8 4 8
8 12 8
0 0 0
8 0 0
8 8 8
8 12 8
8 4 8
8 8 8
8 8 8
8 12 8
8 4 8
0 0 0
0 0 0
0 0 0
0 0 0
0 0 0
0 0 0
0 0 0
0 0 0
0 0 0
0 0 0
0 0 0
0 0 0
0 0 0
0 0 0
0 0 0
0 0 0
0 0 0
