178 33 40
253 56 69
251 52 64
234 44 54
235 45 55
238 46 56
237 46 56
237 46 56
237 46 56
237 46 56
237 46 56
237 46 56
237 46 56
237 46 56
237 46 56
237 46 56
237 46 56
237 46 56
237 46 56
237 46 56
237 46 56
237 46 56
237 46 56
237 46 56
237 46 56
237 46 56
238 45 56
235 47 56
235 49 56
252 35 57
249 20 55
169 66 52
29 3 4
162 31 38
253 58 70
254 55 67
235 45 55
234 46 55
238 47 57
237 47 57
237 47 57
237 47 57
237 47 57
237 47 57
237 47 57
237 47 57
237 47 57
237 47 57
237 47 57
237 47 57
237 47 57
237 47 57
237 47 57
237 47 57
237 47 57
237 47 57
237 47 57
237 47 57
234 49 57
235 50 57
254 31 58
249 20 56
153 77 54
20 158 56
0 0 0
13 0 0
144 25 31
251 55 67
255 55 67
235 45 55
234 44 54
238 46 56
237 46 56
237 46 56
237 46 56
237 46 56
237 46 56
237 46 56
237 46 56
237 46 56
237 46 56
237 46 56
237 46 56
237 46 56
237 46 56
237 46 56
237 46 56
237 46 56
237 46 56
234 48 56
237 48 57
255 27 57
248 21 54
137 88 51
2 168 55
0 173 59
0 0 0
0 0 0
0 0 0
128 21 25
250 52 65
255 56 68
237 47 56
234 45 54
237 46 56
237 46 56
237 46 56
237 46 56
237 46 56
237 46 56
237 46 56
237 46 56
237 46 56
237 46 56
237 46 56
237 46 56
237 46 56
237 46 56
237 46 56
237 46 56
234 49 56
239 47 56
255 24 56
244 25 53
115 99 51
0 176 55
0 170 58
0 146 58
0 0 0
0 0 0
0 0 0
0 0 0
108 16 21
247 51 62
255 56 68
238 46 57
234 45 55
237 46 56
237 46 56
237 46 56
237 46 56
237 46 56
237 46 56
237 46 56
237 46 56
237 46 56
237 46 56
237 46 56
237 46 56
237 46 56
237 46 56
234 48 56
240 46 56
255 23 55
237 29 53
96 111 52
0 180 56
0 166 58
0 145 57
0 149 57
0 0 0
0 0 0
0 0 0
0 0 0
0 0 0
86 14 16
240 48 58
255 57 69
240 47 58
234 45 55
236 46 56
237 46 56
237 46 56
237 46 56
237 46 56
237 46 56
237 46 56
237 46 56
237 46 56
237 46 56
237 46 56
236 46 56
234 49 56
243 45 57
255 22 57
226 35 53
79 122 52
0 183 57
0 162 58
0 145 57
0 150 57
0 150 57
0 0 0
0 0 0
0 0 0
0 0 0
0 0 0
0 0 0
71 11 14
230 46 55
255 57 70
241 47 59
235 46 55
237 46 56
237 46 56
237 46 56
237 46 56
237 46 56
237 46 56
237 46 56
237 46 56
237 46 56
236 47 56
234 49 57
244 44 57
255 21 56
214 40 52
67 130 52
0 182 58
0 158 58
0 146 57
0 150 57
0 150 57
0 150 57
0 0 0
0 0 0
0 0 0
0 0 0
0 0 0
0 0 0
0 0 0
58 9 10
216 43 51
255 56 68
242 45 55
234 44 54
237 47 57
237 46 56
237 46 56
237 46 56
237 46 56
237 46 56
237 46 56
237 47 57
234 48 56
245 41 54
255 20 55
201 48 52
52 138 52
0 181 58
0 155 59
0 145 57
0 150 57
0 150 57
0 150 57
0 150 57
0 0 0
0 0 0
0 0 0
0 0 0
0 0 0
0 0 0
0 0 0
0 0 0
47 9 11
204 37 46
255 40 54
238 38 48
237 48 58
237 47 57
237 46 56
237 46 56
237 46 56
237 46 56
237 47 57
237 49 59
238 36 47
255 12 40
190 54 50
40 147 57
0 177 57
0 153 58
0 147 57
0 150 57
0 150 57
0 150 57
0 150 57
0 150 57
0 0 0
0 0 0
0 0 0
0 0 0
0 0 0
0 0 0
0 0 0
0 0 0
0 0 0
47 16 16
204 48 55
255 35 49
235 34 45
237 48 58
237 46 56
237 46 56
237 46 56
237 46 56
237 52 60
234 31 41
255 12 41
200 75 72
46 156 64
0 171 51
0 153 58
0 148 57
0 150 57
0 150 57
0 150 57
0 150 57
0 150 57
0 150 57
0 0 0
0 0 0
0 0 0
0 0 0
0 0 0
0 0 0
0 0 0
0 0 0
0 0 0
20 30 30
160 159 159
255 148 154
234 0 7
235 33 44
237 50 60
237 46 56
237 46 56
237 52 62
234 28 40
235 0 5
255 127 154
170 232 202
22 176 67
0 137 28
0 150 61
0 150 57
0 150 57
0 150 57
0 150 57
0 150 57
0 150 57
0 150 57
0 0 0
0 0 0
0 0 0
0 0 0
0 0 0
0 0 0
0 0 0
0 0 0
0 0 0
16 20 20
151 165 164
255 254 255
247 118 123
233 0 9
234 25 37
237 51 61
237 53 63
234 22 33
233 0 8
248 126 132
255 251 255
165 235 203
20 150 51
0 132 26
0 152 62
0 150 57
0 150 57
0 150 57
0 150 57
0 150 57
0 150 57
0 150 57
0 0 0
0 0 0
0 0 0
0 0 0
0 0 0
0 0 0
0 0 0
0 0 0
0 0 0
15 15 15
149 149 149
255 255 255
255 241 241
247 136 142
234 5 18
234 20 31
233 16 27
235 7 18
248 144 149
255 249 249
255 255 255
165 220 189
20 144 47
0 134 27
0 153 62
0 150 57
0 150 57
0 150 57
0 150 57
0 150 57
0 150 57
0 150 57
0 0 0
0 0 0
0 0 0
0 0 0
0 0 0
0 0 0
0 0 0
0 0 0
0 0 0
15 15 15
148 148 148
255 255 255
255 255 255
255 248 248
248 156 160
234 7 18
234 10 20
249 164 167
255 251 251
255 255 255
255 255 255
165 220 190
20 145 48
0 134 27
0 153 62
0 150 57
0 150 57
0 150 57
0 150 57
0 150 57
0 150 57
0 150 57
0 0 0
0 0 0
0 0 0
0 0 0
0 0 0
0 0 0
0 0 0
0 0 0
0 0 0
14 14 14
147 147 147
255 255 255
255 255 255
255 255 255
254 248 248
248 165 169
249 169 173
254 244 244
255 255 255
255 255 255
255 255 255
165 220 190
20 145 48
0 134 27
0 153 62
0 150 57
0 150 57
0 150 57
0 150 57
0 150 57
0 150 57
0 150 57
0 0 0
0 0 0
0 0 0
0 0 0
0 0 0
0 0 0
0 0 0
0 0 0
0 0 0
14 14 14
146 146 146
255 255 255
255 255 255
255 255 255
255 255 255
255 255 255
255 255 255
255 255 255
255 255 255
255 255 255
255 255 255
164 220 189
20 145 47
0 134 27
0 153 62
0 150 57
0 150 57
0 150 57
0 150 57
0 150 57
0 150 57
0 150 57
0 0 0
0 0 0
0 0 0
0 0 0
0 0 0
0 0 0
0 0 0
0 0 0
0 0 0
14 14 14
145 145 145
255 255 255
255 255 255
255 255 255
255 255 255
255 255 255
255 255 255
255 255 255
255 255 255
255 255 255
255 255 255
164 220 189
20 145 47
0 134 27
0 153 62
0 150 57
0 150 57
0 150 57
0 150 57
0 150 57
0 150 57
0 150 57
0 0 0
0 0 0
0 0 0
0 0 0
0 0 0
0 0 0
0 0 0
0 0 0
0 0 0
14 14 14
145 145 145
255 255 255
255 255 255
255 255 255
255 255 255
255 255 255
255 255 255
255 255 255
255 255 255
255 255 255
255 255 255
164 220 189
20 145 47
0 134 27
0 153 62
0 150 57
0 150 57
0 150 57
0 150 57
0 150 57
0 150 57
0 150 57
0 0 0
0 0 0
0 0 0
0 0 0
0 0 0
0 0 0
0 0 0
0 0 0
0 0 0
14 14 14
145 145 145
255 255 255
255 255 255
255 255 255
255 255 255
255 255 255
255 255 255
255 255 255
255 255 255
255 255 255
255 255 255
164 220 189
20 145 47
0 134 27
0 153 62
0 150 57
0 150 57
0 150 57
0 150 57
0 150 57
0 150 57
0 150 57
0 0 0
0 0 0
0 0 0
0 0 0
0 0 0
0 0 0
0 0 0
0 0 0
0 0 0
14 14 14
145 145 145
255 255 255
255 255 255
255 255 255
255 255 255
255 255 255
255 255 255
255 255 255
255 255 255
255 255 255
255 255 255
164 220 189
20 144 47
0 134 27
0 153 62
0 150 57
0 150 57
0 150 57
0 150 57
0 150 57
0 150 57
0 150 57
0 0 0
0 0 0
0 0 0
0 0 0
0 0 0
0 0 0
0 0 0
0 0 0
0 0 0
13 13 13
145 145 145
255 255 255
255 255 255
255 255 255
255 255 255
255 255 255
255 255 255
255 255 255
255 255 255
255 255 255
255 255 255
164 220 189
19 144 47
0 134 28
0 153 62
0 150 57
0 150 57
0 150 57
0 150 57
0 150 57
0 150 57
0 150 57
0 0 0
0 0 0
0 0 0
0 0 0
0 0 0
0 0 0
0 0 0
0 0 0
0 0 0
13 13 13
145 145 145
255 255 255
255 255 255
255 255 255
255 255 255
255 255 255
255 255 255
255 255 255
255 255 255
255 255 255
255 255 255
164 220 189
19 144 47
0 134 28
0 153 62
0 150 57
0 150 57
0 150 57
0 150 57
0 150 57
0 150 57
0 150 57
0 0 0
0 0 0
0 0 0
0 0 0
0 0 0
0 0 0
0 0 0
0 0 0
0 0 0
13 13 13
145 145 145
255 255 255
255 255 255
255 255 255
255 255 255
255 255 255
255 255 255
255 255 255
255 255 255
255 255 255
255 255 255
163 220 189
19 144 47
0 134 28
0 153 62
0 150 57
0 150 57
0 150 57
0 150 57
0 150 57
0 150 57
0 150 57
0 0 0
0 0 0
0 0 0
0 0 0
0 0 0
0 0 0
0 0 0
0 0 0
0 0 0
13 13 13
145 145 145
255 255 255
255 255 255
255 255 255
255 255 255
255 255 255
255 255 255
255 255 255
255 255 255
255 255 255
255 255 255
163 220 189
19 144 47
0 134 28
0 153 62
0 150 57
0 150 57
0 150 57
0 150 57
0 150 57
0 150 57
0 150 57
0 0 0
0 0 0
0 0 0
0 0 0
0 0 0
0 0 0
0 0 0
0 0 0
0 0 0
13 13 13
145 145 145
255 255 255
255 255 255
255 255 255
255 255 255
255 255 255
255 255 255
255 255 255
255 255 255
255 255 255
255 255 255
163 220 188
19 144 47
0 134 28
0 153 62
0 150 57
0 150 57
0 150 57
0 150 57
0 150 57
0 150 57
0 150 57
0 0 0
0 0 0
0 0 0
0 0 0
0 0 0
0 0 0
0 0 0
0 0 0
0 0 0
13 13 13
145 145 145
255 255 255
255 255 255
255 255 255
255 255 255
255 255 255
255 255 255
255 255 255
255 255 255
255 255 255
255 255 255
162 220 188
18 144 47
0 134 28
0 153 62
0 150 57
0 150 57
0 150 57
0 150 57
0 150 57
0 150 57
0 150 57
0 0 0
0 0 0
0 0 0
0 0 0
0 0 0
0 0 0
0 0 0
0 0 0
0 0 0
13 13 13
144 144 144
255 255 255
255 255 255
255 255 255
255 255 255
255 255 255
255 255 255
255 255 255
255 255 255
255 255 255
255 255 255
162 220 188
18 144 47
0 134 28
0 153 62
0 150 57
0 150 57
0 150 57
0 150 57
0 150 57
0 150 57
0 150 57
0 0 0
0 0 0
0 0 0
0 0 0
0 0 0
0 0 0
0 0 0
0 0 0
0 0 0
13 13 13
144 144 144
255 255 255
255 255 255
255 255 255
255 255 255
255 255 255
255 255 255
255 255 255
255 255 255
255 255 255
255 255 255
162 219 188
18 144 47
0 134 28
0 153 62
0 150 57
0 150 57
0 150 57
0 150 57
0 150 57
0 150 57
0 150 57
0 0 0
0 0 0
0 0 0
0 0 0
0 0 0
0 0 0
0 0 0
0 0 0
0 0 0
13 13 13
144 144 144
255 255 255
255 255 255
255 255 255
255 255 255
255 255 255
255 255 255
255 255 255
255 255 255
255 255 255
255 255 255
162 219 187
18 144 46
0 134 28
0 153 62
0 150 57
0 150 57
0 150 57
0 150 57
0 150 57
0 150 57
0 150 57
0 0 0
0 0 0
0 0 0
0 0 0
0 0 0
0 0 0
0 0 0
0 0 0
0 0 0
13 13 13
144 144 144
255 255 255
255 255 255
255 255 255
255 255 255
255 255 255
255 255 255
255 255 255
255 255 255
255 255 255
255 255 255
161 219 187
17 144 46
0 134 28
0 153 62
0 150 57
0 150 57
0 150 57
0 150 57
0 150 57
0 150 57
0 150 57
0 0 0
0 0 0
0 0 0
0 0 0
0 0 0
0 0 0
0 0 0
0 0 0
0 0 0
13 13 13
144 144 144
255 255 255
255 255 255
255 255 255
255 255 255
255 255 255
255 255 255
255 255 255
255 255 255
255 255 255
255 255 255
161 219 187
17 144 46
0 134 28
0 153 62
0 150 57
0 150 57
0 150 57
0 150 57
0 150 57
0 150 57
0 150 57
0 0 0
0 0 0
0 0 0
0 0 0
0 0 0
0 0 0
0 0 0
0 0 0
0 0 0
13 13 13
144 144 144
255 255 255
255 255 255
255 255 255
255 255 255
255 255 255
255 255 255
255 255 255
255 255 255
255 255 255
255 255 255
161 219 187
17 144 46
0 134 28
0 153 62
0 150 57
0 150 57
0 150 57
0 150 57
0 150 57
0 150 57
0 150 57
