237 28 36
237 28 36
237 28 36
237 28 36
237 30 38
236 17 26
235 0 6
243 97 102
255 255 255
255 255 255
255 255 255
255 255 255
255 255 255
255 255 255
255 255 255
255 255 255
255 255 255
255 255 255
255 255 255
255 255 255
255 255 255
255 255 255
255 255 255
255 255 255
255 255 255
243 101 106
235 0 7
236 16 25
237 31 38
237 28 36
237 28 36
237 28 36
237 28 36
237 28 36
237 28 36
237 28 36
237 30 38
236 17 26
235 0 6
243 97 102
255 255 255
255 255 255
255 255 255
255 255 255
255 255 255
255 255 255
255 255 255
255 255 255
255 255 255
255 255 255
255 255 255
255 255 255
255 255 255
255 255 255
255 255 255
255 255 255
255 255 255
243 101 106
235 0 7
236 16 25
237 31 38
237 28 36
237 28 36
237 28 36
237 28 36
237 28 36
237 28 36
237 28 36
237 30 38
236 17 26
235 0 6
243 97 102
255 255 255
255 255 255
255 255 255
255 255 255
255 255 255
255 255 255
255 255 255
255 255 255
255 255 255
255 255 255
255 255 255
255 255 255
255 255 255
255 255 255
255 255 255
255 255 255
255 255 255
243 101 106
235 0 7
236 16 25
237 31 38
237 28 36
237 28 36
237 28 36
237 28 36
237 28 36
237 28 36
237 28 36
237 30 38
236 17 26
235 0 6
243 97 102
255 255 255
255 255 255
255 255 255
255 255 255
255 255 255
255 255 255
255 255 255
255 255 255
255 255 255
255 255 255
255 255 255
255 255 255
255 255 255
255 255 255
255 255 255
255 255 255
255 255 255
243 101 106
235 0 7
236 16 25
237 31 38
237 28 36
237 28 36
237 28 36
237 28 36
237 28 36
237 28 36
237 28 36
237 30 38
236 17 26
235 0 6
243 97 102
255 255 255
255 255 255
255 255 255
255 255 255
255 255 255
255 255 255
255 255 255
255 255 255
255 255 255
255 255 255
255 255 255
255 255 255
255 255 255
255 255 255
255 255 255
255 255 255
255 255 255
243 101 106
235 0 7
236 16 25
237 31 38
237 28 36
237 28 36
237 28 36
237 28 36
237 28 36
237 28 36
237 28 36
237 30 38
236 17 26
235 0 6
243 97 102
255 255 255
255 255 255
255 255 255
255 255 255
255 255 255
255 255 255
255 255 255
255 255 255
255 255 255
255 255 255
255 255 255
255 255 255
255 255 255
255 255 255
255 255 255
255 255 255
255 255 255
243 101 106
235 0 7
236 16 25
237 31 38
237 28 36
237 28 36
237 28 36
237 28 36
237 28 36
237 28 36
237 28 36
237 30 38
236 17 26
235 0 6
243 97 102
255 255 255
255 255 255
255 255 255
255 255 255
255 255 255
255 255 255
255 255 255
255 255 255
255 255 255
255 255 255
255 255 255
255 255 255
255 255 255
255 255 255
255 255 255
255 255 255
255 255 255
243 101 106
235 0 7
236 16 25
237 31 38
237 28 36
237 28 36
237 28 36
237 28 36
237 28 36
237 28 36
237 28 36
237 30 38
236 17 26
235 0 6
243 97 102
255 255 255
255 255 255
255 255 255
255 255 255
255 255 255
255 255 255
255 255 255
255 255 255
255 255 255
255 255 255
255 255 255
255 255 255
255 255 255
255 255 255
255 255 255
255 255 255
255 255 255
243 101 106
235 0 7
236 16 25
237 31 38
237 28 36
237 28 36
237 28 36
237 28 36
237 28 36
237 28 36
237 28 36
237 30 38
236 17 26
235 0 6
243 97 102
255 255 255
255 255 255
255 255 255
255 255 255
255 255 255
255 255 255
255 255 255
255 255 255
255 255 255
255 255 255
255 255 255
224 244 234
167 225 195
236 249 242
255 255 255
255 255 255
255 255 255
243 101 106
235 0 7
236 16 25
237 31 38
237 28 36
237 28 36
237 28 36
237 28 36
237 28 36
237 28 36
237 28 36
237 30 38
236 17 26
235 0 6
243 97 102
255 255 255
255 255 255
255 255 255
255 255 255
255 255 255
255 255 255
255 255 255
255 255 255
199 235 217
186 232 209
210 239 224
98 196 139
71 187 121
158 221 188
220 242 230
253 255 254
255 255 255
243 101 106
235 0 7
236 16 25
237 31 38
237 28 36
237 28 36
237 28 36
237 28 36
237 28 36
237 28 36
237 28 36
237 30 38
236 17 26
235 0 6
243 97 102
255 255 255
255 255 255
255 255 255
255 255 255
255 255 255
212 240 225
236 249 243
245 252 251
97 194 135
100 194 136
140 213 174
44 177 102
138 209 165
114 199 144
246 252 248
255 255 255
246 255 255
233 98 99
234 0 6
238 17 26
237 30 38
237 28 36
237 28 36
237 28 36
237 28 36
237 28 36
237 28 36
237 28 36
237 30 38
236 17 26
235 0 6
243 97 102
255 255 255
255 255 255
255 255 255
255 255 255
255 255 255
94 195 137
157 218 183
156 217 181
90 194 134
84 192 133
45 178 105
78 190 128
115 201 151
131 206 159
248 252 250
255 255 255
192 243 223
212 89 84
241 0 11
239 17 27
237 30 38
237 28 36
237 28 36
237 28 36
237 28 36
237 28 36
237 28 36
237 28 36
237 30 38
236 17 26
235 0 6
243 97 102
255 255 255
255 255 255
255 255 255
255 255 255
104 200 148
57 181 109
96 198 143
18 165 80
81 188 124
119 204 155
0 149 47
0 148 45
69 186 120
255 254 254
255 255 255
171 242 211
123 222 175
222 97 100
255 8 27
234 15 22
237 31 38
237 28 36
237 28 36
237 28 36
237 28 36
237 28 36
237 28 36
237 28 36
237 30 38
236 17 26
235 0 6
243 97 102
255 255 255
253 255 254
207 238 223
91 199 144
0 164 76
77 191 131
82 191 130
14 167 82
0 159 68
11 167 84
40 179 107
24 173 95
68 188 123
255 255 255
191 233 212
41 196 124
157 235 201
255 107 120
248 4 19
234 15 22
237 31 38
237 28 36
237 28 36
237 28 36
237 28 36
237 28 36
237 28 36
237 28 36
237 30 38
236 17 25
237 0 6
255 103 114
239 255 255
113 223 176
6 165 79
30 168 84
82 191 130
30 173 95
1 165 78
26 174 98
15 164 78
0 159 67
36 181 110
50 184 115
0 163 74
1 162 74
3 146 42
118 212 155
241 255 255
252 107 116
235 0 6
236 16 25
237 31 38
237 28 36
237 28 36
237 28 36
237 28 36
237 28 36
237 28 36
237 28 36
237 30 38
236 16 24
255 8 29
232 98 107
92 201 136
0 153 36
3 152 52
67 187 122
66 188 123
18 169 87
0 160 71
42 181 110
38 180 108
0 164 77
39 180 108
55 185 119
0 163 73
0 156 62
3 150 50
120 221 173
241 255 255
252 107 114
235 0 6
236 16 25
237 31 38
237 28 36
237 28 36
237 28 36
237 28 36
237 28 36
237 28 36
237 28 36
237 30 38
235 17 25
246 2 15
255 101 112
177 240 214
25 188 107
3 158 66
47 180 111
53 186 119
58 184 116
6 153 56
47 175 98
84 198 144
21 172 92
5 168 83
23 176 100
0 156 62
0 147 44
0 147 41
0 170 73
148 232 195
255 109 124
249 5 21
234 15 22
237 31 38
237 28 36
237 28 36
237 28 36
237 28 36
237 28 36
237 28 36
237 28 36
237 30 38
236 17 26
235 0 5
250 103 111
248 255 255
142 226 181
6 151 51
38 173 96
22 166 81
96 200 148
63 187 122
0 156 62
0 162 73
1 163 75
0 151 53
4 160 69
55 187 122
114 206 160
76 195 137
0 173 77
145 222 176
255 109 123
249 6 24
234 14 21
237 31 38
237 28 36
237 28 36
237 28 36
237 28 36
237 28 36
237 28 36
237 28 36
237 30 38
236 17 26
235 0 5
244 100 107
255 255 255
213 244 232
16 164 79
14 163 77
56 179 105
53 177 103
68 190 130
41 181 112
0 159 67
50 183 114
70 184 116
0 156 61
124 211 169
255 255 255
255 255 255
191 249 227
142 230 192
218 91 88
253 4 19
237 16 26
237 30 38
237 28 36
237 28 36
237 28 36
237 28 36
237 28 36
237 28 36
237 28 36
237 30 38
236 17 26
235 0 6
243 97 102
255 255 255
250 254 252
198 235 216
133 213 171
181 233 211
67 179 106
15 158 65
33 174 98
0 161 72
60 183 115
97 200 147
0 154 58
47 181 109
248 253 250
255 255 255
255 255 255
191 243 220
197 84 75
238 0 9
243 19 29
236 30 38
237 28 36
237 28 36
237 28 36
237 28 36
237 28 36
237 28 36
237 28 36
237 30 38
236 17 26
235 0 6
243 97 102
255 255 255
255 255 255
254 255 254
236 248 241
255 255 255
223 244 235
67 183 115
29 171 91
28 172 91
45 172 93
101 197 142
28 171 92
35 165 80
242 251 248
255 255 255
255 255 255
255 255 255
243 101 106
235 0 7
236 16 25
237 31 38
237 28 36
237 28 36
237 28 36
237 28 36
237 28 36
237 28 36
237 28 36
237 30 38
236 17 26
235 0 6
243 97 102
255 255 255
255 255 255
255 255 255
255 255 255
255 255 255
255 255 255
216 244 233
126 207 161
123 202 152
79 192 131
64 190 127
132 210 167
80 188 125
211 238 222
254 255 254
255 255 255
255 255 255
243 101 106
235 0 7
236 16 25
237 31 38
237 28 36
237 28 36
237 28 36
237 28 36
237 28 36
237 28 36
237 28 36
237 30 38
236 17 26
235 0 6
243 97 102
255 255 255
255 255 255
255 255 255
255 255 255
255 255 255
255 255 255
255 255 255
220 243 231
239 249 244
214 241 227
133 214 173
159 222 190
131 209 165
98 198 143
246 252 248
255 255 255
255 255 255
243 101 106
235 0 7
236 16 25
237 31 38
237 28 36
237 28 36
237 28 36
237 28 36
237 28 36
237 28 36
237 28 36
237 30 38
236 17 26
235 0 6
243 97 102
255 255 255
255 255 255
255 255 255
255 255 255
255 255 255
255 255 255
255 255 255
255 255 255
255 255 255
253 254 254
234 248 241
240 250 245
216 242 229
89 197 142
203 237 219
253 255 254
255 255 255
243 101 106
235 0 7
236 16 25
237 31 38
237 28 36
237 28 36
237 28 36
237 28 36
237 28 36
237 28 36
237 28 36
237 30 38
236 17 26
235 0 6
243 97 102
255 255 255
255 255 255
255 255 255
255 255 255
255 255 255
255 255 255
255 255 255
255 255 255
255 255 255
255 255 255
255 255 255
255 255 255
253 254 253
242 250 246
244 251 248
254 255 255
255 255 255
243 101 106
235 0 7
236 16 25
237 31 38
237 28 36
237 28 36
237 28 36
237 28 36
237 28 36
237 28 36
237 28 36
237 30 38
236 17 26
235 0 6
243 97 102
255 255 255
255 255 255
255 255 255
255 255 255
255 255 255
255 255 255
255 255 255
255 255 255
255 255 255
255 255 255
255 255 255
255 255 255
255 255 255
255 255 255
255 255 255
255 255 255
255 255 255
243 101 106
235 0 7
236 16 25
237 31 38
237 28 36
237 28 36
237 28 36
237 28 36
237 28 36
237 28 36
237 28 36
237 30 38
236 17 26
235 0 6
243 97 102
255 255 255
255 255 255
255 255 255
255 255 255
255 255 255
255 255 255
255 255 255
255 255 255
255 255 255
255 255 255
255 255 255
255 255 255
255 255 255
255 255 255
255 255 255
255 255 255
255 255 255
243 101 106
235 0 7
236 16 25
237 31 38
237 28 36
237 28 36
237 28 36
237 28 36
237 28 36
237 28 36
237 28 36
237 30 38
236 17 26
235 0 6
243 97 102
255 255 255
255 255 255
255 255 255
255 255 255
255 255 255
255 255 255
255 255 255
255 255 255
255 255 255
255 255 255
255 255 255
255 255 255
255 255 255
255 255 255
255 255 255
255 255 255
255 255 255
243 101 106
235 0 7
236 16 25
237 31 38
237 28 36
237 28 36
237 28 36
237 28 36
237 28 36
237 28 36
237 28 36
237 30 38
236 17 26
235 0 6
243 97 102
255 255 255
255 255 255
255 255 255
255 255 255
255 255 255
255 255 255
255 255 255
255 255 255
255 255 255
255 255 255
255 255 255
255 255 255
255 255 255
255 255 255
255 255 255
255 255 255
255 255 255
243 101 106
235 0 7
236 16 25
237 31 38
237 28 36
237 28 36
237 28 36
237 28 36
237 28 36
237 28 36
237 28 36
237 30 38
236 17 26
235 0 6
243 97 102
255 255 255
255 255 255
255 255 255
255 255 255
255 255 255
255 255 255
255 255 255
255 255 255
255 255 255
255 255 255
255 255 255
255 255 255
255 255 255
255 255 255
255 255 255
255 255 255
255 255 255
243 101 106
235 0 7
236 16 25
237 31 38
237 28 36
237 28 36
237 28 36
237 28 36
237 28 36
237 28 36
237 28 36
237 30 38
236 17 26
235 0 6
243 97 102
255 255 255
255 255 255
255 255 255
255 255 255
255 255 255
255 255 255
255 255 255
255 255 255
255 255 255
255 255 255
255 255 255
255 255 255
255 255 255
255 255 255
255 255 255
255 255 255
255 255 255
243 101 106
235 0 7
236 16 25
237 31 38
237 28 36
237 28 36
237 28 36
237 28 36
237 28 36
237 28 36
237 28 36
237 30 38
236 17 26
235 0 6
243 97 102
255 255 255
255 255 255
255 255 255
255 255 255
255 255 255
255 255 255
255 255 255
255 255 255
255 255 255
255 255 255
255 255 255
255 255 255
255 255 255
255 255 255
255 255 255
255 255 255
255 255 255
243 101 106
235 0 7
236 16 25
237 31 38
237 28 36
237 28 36
237 28 36
