70 70 70 0
204 0 0 1
38 38 38 2
P
0
0 0
1 0
2 0
3 0
4 0
5 0
6 0
7 0
8 0
9 0
10 0
11 0
12 0
13 0
14 0
15 0
16 0
17 0
18 0
19 0
20 0
21 0
22 0
23 0
24 0
25 0
26 0
27 0
28 0
29 0
30 0
31 0
X
1
0 0
1 0
2 0
3 0
4 0
5 0
6 0
7 0
8 0
9 0
10 0
11 0
12 0
13 0
14 0
15 0
16 0
17 0
18 0
19 0
20 0
21 0
22 0
23 0
24 0
25 0
26 0
27 0
28 0
29 0
30 0
31 0
X
2
0 0
1 1
2 1
3 1
4 1
5 1
6 1
7 0
8 0
9 0
10 0
11 0
12 0
13 0
14 0
15 0
16 0
17 0
18 0
19 0
20 0
21 0
22 0
23 0
24 0
25 1
26 1
27 1
28 1
29 1
30 1
31 0
X
3
0 0
1 1
2 1
3 1
4 1
5 1
6 1
7 0
8 0
9 0
10 0
11 0
12 0
13 0
14 0
15 0
16 0
17 0
18 0
19 0
20 0
21 0
22 0
23 0
24 0
25 1
26 1
27 1
28 1
29 1
30 1
31 0
X
4
0 0
1 1
2 1
3 1
4 1
5 1
6 1
7 1
8 1
9 1
10 1
11 1
12 1
13 1
14 1
15 1
16 1
17 1
18 1
19 1
20 1
21 1
22 1
23 1
24 1
25 1
26 1
27 1
28 1
29 1
30 1
31 0
X
5
0 0
1 1
2 1
3 1
4 1
5 1
6 1
7 1
8 1
9 1
10 1
11 1
12 1
13 1
14 1
15 1
16 1
17 1
18 1
19 1
20 1
21 1
22 1
23 1
24 1
25 1
26 1
27 1
28 1
29 1
30 1
31 0
X
6
0 0
1 1
2 1
3 1
4 1
5 1
6 1
7 1
8 1
9 1
10 1
11 1
12 1
13 1
14 1
15 1
16 1
17 1
18 1
19 1
20 1
21 1
22 1
23 1
24 1
25 1
26 1
27 1
28 1
29 1
30 1
31 0
X
7
0 0
1 1
2 1
3 1
4 1
5 1
6 1
7 1
8 1
9 1
10 1
11 1
12 1
13 1
14 1
15 1
16 1
17 1
18 1
19 1
20 1
21 1
22 1
23 1
24 1
25 1
26 1
27 1
28 1
29 1
30 1
31 0
X
8
0 0
1 2
2 1
3 1
4 1
5 1
6 1
7 1
8 1
9 1
10 1
11 1
12 1
13 1
14 1
15 1
16 1
17 1
18 1
19 1
20 1
21 1
22 1
23 1
24 1
25 1
26 1
27 1
28 1
29 1
30 1
31 0
X
9
0 0
1 2
2 2
3 2
4 1
5 1
6 1
7 1
8 1
9 1
10 1
11 1
12 1
13 1
14 1
15 1
16 1
17 1
18 1
19 1
20 1
21 1
22 1
23 1
24 1
25 1
26 1
27 1
28 1
29 1
30 1
31 0
X
10
0 0
1 2
2 2
3 2
4 2
5 1
6 1
7 1
8 1
9 1
10 1
11 1
12 1
13 1
14 1
15 1
16 1
17 1
18 1
19 1
20 1
21 1
22 1
23 1
24 1
25 1
26 1
27 1
28 1
29 1
30 1
31 0
X
11
0 0
1 2
2 2
3 2
4 2
5 2
6 2
7 1
8 1
9 1
10 1
11 1
12 1
13 1
14 0
15 0
16 0
17 0
18 0
19 0
20 0
21 0
22 0
23 0
24 0
25 0
26 0
27 0
28 0
29 0
30 0
31 0
X
12
0 0
1 0
2 2
3 2
4 2
5 2
6 2
7 2
8 2
9 1
10 1
11 1
12 1
13 1
14 1
15 1
16 0
17 0
18 0
19 0
20 0
21 0
22 0
23 0
24 0
25 0
26 0
27 0
28 0
29 0
30 0
31 0
X
13
0 0
1 0
2 0
3 0
4 2
5 2
6 2
7 2
8 2
9 2
10 2
11 1
12 1
13 1
14 1
15 1
16 1
17 1
18 0
19 0
20 0
21 0
22 0
23 0
24 0
25 0
26 0
27 0
28 0
29 0
30 0
31 0
X
14
0 0
1 0
2 0
3 0
4 0
5 0
6 2
7 2
8 2
9 2
10 2
11 2
12 2
13 1
14 1
15 1
16 1
17 1
18 1
19 1
20 0
21 0
22 0
23 0
24 0
25 0
26 0
27 0
28 0
29 0
30 0
31 0
X
15
0 0
1 0
2 0
3 0
4 0
5 0
6 0
7 0
8 2
9 2
10 2
11 2
12 2
13 2
14 2
15 1
16 1
17 1
18 1
19 1
20 1
21 1
22 0
23 0
24 0
25 0
26 0
27 0
28 0
29 0
30 0
31 0
X
16
0 0
1 0
2 0
3 0
4 0
5 0
6 0
7 0
8 0
9 0
10 2
11 2
12 2
13 2
14 2
15 2
16 2
17 1
18 1
19 1
20 1
21 1
22 1
23 1
24 0
25 0
26 0
27 0
28 0
29 0
30 0
31 0
X
17
0 0
1 0
2 0
3 0
4 0
5 0
6 0
7 0
8 0
9 0
10 0
11 0
12 2
13 2
14 2
15 2
16 2
17 2
18 1
19 1
20 1
21 1
22 1
23 1
24 1
25 1
26 0
27 0
28 0
29 0
30 0
31 0
X
18
0 0
1 0
2 0
3 0
4 0
5 0
6 0
7 0
8 0
9 0
10 0
11 0
12 0
13 0
14 2
15 2
16 2
17 2
18 2
19 2
20 1
21 1
22 1
23 1
24 1
25 1
26 1
27 1
28 0
29 0
30 0
31 0
X
19
0 0
1 0
2 0
3 0
4 0
5 0
6 0
7 0
8 0
9 0
10 0
11 0
12 0
13 0
14 0
15 0
16 2
17 2
18 2
19 2
20 2
21 2
22 1
23 1
24 1
25 1
26 1
27 1
28 1
29 1
30 0
31 0
X
20
0 0
1 0
2 0
3 0
4 0
5 0
6 0
7 0
8 0
9 0
10 0
11 0
12 0
13 0
14 0
15 0
16 0
17 0
18 2
19 2
20 2
21 2
22 2
23 2
24 1
25 1
26 1
27 1
28 1
29 1
30 1
31 0
X
21
0 0
1 2
2 2
3 2
4 2
5 2
6 2
7 2
8 2
9 2
10 2
11 2
12 2
13 2
14 2
15 2
16 2
17 2
18 2
19 2
20 2
21 2
22 2
23 2
24 2
25 2
26 1
27 1
28 1
29 1
30 1
31 0
X
22
0 0
1 2
2 2
3 2
4 2
5 2
6 2
7 2
8 2
9 2
10 2
11 2
12 2
13 2
14 2
15 2
16 2
17 2
18 2
19 2
20 2
21 2
22 2
23 2
24 2
25 2
26 2
27 2
28 1
29 1
30 1
31 0
X
23
0 0
1 2
2 2
3 2
4 2
5 2
6 2
7 2
8 2
9 2
10 2
11 2
12 2
13 2
14 2
15 2
16 2
17 2
18 2
19 2
20 2
21 2
22 2
23 2
24 2
25 2
26 2
27 2
28 2
29 2
30 1
31 0
X
24
0 0
1 2
2 2
3 2
4 2
5 2
6 2
7 2
8 2
9 2
10 2
11 2
12 2
13 2
14 2
15 2
16 2
17 2
18 2
19 2
20 2
21 2
22 2
23 2
24 2
25 2
26 2
27 2
28 2
29 2
30 2
31 0
X
25
0 0
1 2
2 2
3 2
4 2
5 2
6 2
7 2
8 2
9 2
10 2
11 2
12 2
13 2
14 2
15 2
16 2
17 2
18 2
19 2
20 2
21 2
22 2
23 2
24 2
25 2
26 2
27 2
28 2
29 2
30 2
31 0
X
26
0 0
1 2
2 2
3 2
4 2
5 2
6 2
7 2
8 2
9 2
10 2
11 2
12 2
13 2
14 2
15 2
16 2
17 2
18 2
19 2
20 2
21 2
22 2
23 2
24 2
25 2
26 2
27 2
28 2
29 2
30 2
31 0
X
27
0 0
1 2
2 2
3 2
4 2
5 2
6 2
7 2
8 2
9 2
10 2
11 2
12 2
13 2
14 2
15 2
16 2
17 2
18 2
19 2
20 2
21 2
22 2
23 2
24 2
25 2
26 2
27 2
28 2
29 2
30 2
31 0
X
28
0 0
1 2
2 2
3 2
4 2
5 2
6 2
7 0
8 0
9 0
10 0
11 0
12 0
13 0
14 0
15 0
16 0
17 0
18 0
19 0
20 0
21 0
22 0
23 0
24 0
25 2
26 2
27 2
28 2
29 2
30 2
31 0
X
29
0 0
1 2
2 2
3 2
4 2
5 2
6 2
7 0
8 0
9 0
10 0
11 0
12 0
13 0
14 0
15 0
16 0
17 0
18 0
19 0
20 0
21 0
22 0
23 0
24 0
25 2
26 2
27 2
28 2
29 2
30 2
31 0
X
30
0 0
1 0
2 0
3 0
4 0
5 0
6 0
7 0
8 0
9 0
10 0
11 0
12 0
13 0
14 0
15 0
16 0
17 0
18 0
19 0
20 0
21 0
22 0
23 0
24 0
25 0
26 0
27 0
28 0
29 0
30 0
31 0
X
31
0 0
1 0
2 0
3 0
4 0
5 0
6 0
7 0
8 0
9 0
10 0
11 0
12 0
13 0
14 0
15 0
16 0
17 0
18 0
19 0
20 0
21 0
22 0
23 0
24 0
25 0
26 0
27 0
28 0
29 0
30 0
31 0
X
F
