1 1 1
1 1 1
1 1 1
1 1 1
1 1 1
1 1 1
1 1 1
1 1 1
1 1 1
1 1 1
1 1 1
1 1 1
1 1 1
1 1 1
1 1 1
1 1 1
1 1 1
1 1 1
1 1 1
1 0 0
0 1 1
1 3 4
0 0 0
0 0 0
1 1 1
1 1 1
1 1 1
1 1 1
1 1 1
1 1 1
1 1 1
1 1 1
0 0 0
0 0 0
0 0 0
0 0 0
0 0 0
0 0 0
0 0 0
0 0 0
0 0 0
0 0 0
0 0 0
0 0 0
0 0 0
0 0 0
0 0 0
0 0 0
0 0 0
0 0 0
0 0 0
0 6 7
0 8 9
0 0 1
0 3 3
2 15 16
1 1 1
0 0 0
0 0 0
0 0 0
0 0 0
0 0 0
0 0 0
0 0 0
0 0 0
0 0 0
0 0 0
0 0 0
0 0 0
0 0 0
0 0 0
0 0 0
0 0 0
0 0 0
0 0 0
0 0 0
0 0 0
0 0 0
0 0 0
0 0 0
0 0 0
1 0 0
0 4 4
0 11 12
62 78 80
124 125 129
66 74 77
1 27 30
0 9 11
0 0 0
0 0 0
0 0 0
0 0 0
0 0 0
0 0 0
0 0 0
0 0 0
0 0 0
0 0 0
0 0 0
0 0 0
0 0 0
0 0 0
0 0 0
0 0 0
0 0 0
0 0 0
0 0 0
0 0 0
0 0 0
0 0 0
0 0 0
1 4 5
4 41 44
0 11 13
64 68 69
194 194 197
224 234 239
242 240 243
101 113 117
0 5 7
0 0 0
0 0 0
0 0 0
0 0 0
0 0 0
0 0 0
0 0 0
0 0 0
0 0 0
0 0 0
0 0 0
0 0 0
0 0 0
0 0 0
0 0 0
0 0 0
0 0 0
0 0 0
0 0 0
0 0 0
0 0 0
0 0 0
1 0 0
3 21 23
0 3 7
44 51 52
192 194 196
203 215 219
122 122 126
62 63 66
123 132 134
13 41 43
0 0 0
0 0 0
0 0 0
0 0 0
0 0 0
0 0 0
0 0 0
0 0 0
0 0 0
0 0 0
0 0 0
0 0 0
0 0 0
0 0 0
0 0 0
0 0 0
0 0 0
0 0 0
0 0 0
0 0 0
0 0 0
0 0 0
0 0 1
41 51 53
116 111 109
94 98 100
190 197 203
157 160 162
6 10 9
0 0 0
17 49 53
12 36 37
0 0 0
0 0 0
0 0 0
0 0 0
0 0 0
0 0 0
0 0 0
0 0 0
0 0 0
0 0 0
0 0 0
0 0 0
0 0 0
0 0 0
0 0 0
0 0 0
0 0 0
0 0 0
0 0 0
0 0 0
0 0 0
0 1 1
0 0 0
195 195 196
192 190 188
60 65 68
182 186 192
97 97 100
0 1 2
2 10 9
0 13 15
1 9 9
0 0 0
0 0 0
0 0 0
0 0 0
0 0 0
0 0 0
0 0 0
0 0 0
0 0 0
0 0 0
0 0 0
0 0 0
0 0 0
0 0 0
0 0 0
0 0 0
0 0 0
0 0 0
0 0 0
0 0 0
0 0 0
0 0 0
167 170 171
255 255 255
57 56 55
16 18 20
207 213 218
54 56 58
0 0 1
1 18 21
5 20 21
2 14 15
2 11 11
0 0 0
0 0 0
0 0 0
0 0 0
0 0 0
0 0 0
0 0 0
0 0 0
0 0 0
0 0 0
0 0 0
0 0 0
0 0 0
0 0 0
0 0 0
0 0 0
0 0 0
0 0 0
0 0 0
0 7 11
184 188 189
255 255 255
91 88 88
11 17 18
46 50 51
113 116 119
46 45 46
31 37 38
52 76 80
70 84 89
82 103 107
0 33 35
0 0 0
0 0 0
0 0 0
0 0 0
0 0 0
0 0 0
0 0 0
0 0 0
0 0 0
0 0 0
0 0 0
0 0 0
0 0 0
0 0 0
0 0 0
0 0 0
0 0 0
0 0 0
0 0 3
175 184 186
255 255 255
41 39 39
0 0 0
45 64 67
170 173 171
120 121 122
23 25 26
0 0 0
55 47 46
116 106 108
65 88 91
0 11 12
0 0 0
0 0 0
0 0 0
0 0 0
0 0 0
0 0 0
0 0 0
0 0 0
0 0 0
0 0 0
0 0 0
0 0 0
0 0 0
0 0 0
0 0 0
0 0 0
0 0 0
0 0 0
135 149 151
255 255 255
96 96 97
0 0 0
119 128 131
192 197 198
241 237 236
132 136 137
115 121 123
98 92 94
105 113 117
43 71 74
0 7 9
0 0 0
0 0 0
0 0 0
0 0 0
0 0 0
0 0 0
0 0 0
0 0 0
0 0 0
0 0 0
0 0 0
0 0 0
0 0 0
0 0 0
0 0 0
0 0 0
0 0 0
0 0 0
51 82 85
255 255 255
186 186 186
103 105 106
219 222 225
240 241 243
255 255 255
221 220 220
69 68 69
118 123 127
76 101 106
3 23 26
0 0 0
0 0 0
0 0 0
0 0 0
0 0 0
0 0 0
0 0 0
0 0 0
0 0 0
0 0 0
0 0 0
0 0 0
0 0 0
0 0 0
0 0 0
0 0 0
0 0 0
0 0 0
0 0 0
0 0 2
127 139 140
255 255 255
170 171 171
238 238 238
254 254 254
255 255 255
255 255 255
204 205 205
16 15 15
0 1 2
0 5 6
0 0 0
0 0 0
0 0 0
0 0 0
0 0 0
0 0 0
0 0 0
0 0 0
0 0 0
0 0 0
0 0 0
0 0 0
0 0 0
0 0 0
0 0 0
0 0 0
0 0 0
0 0 0
0 0 0
0 15 17
0 14 18
187 180 179
255 255 255
219 219 219
255 255 255
255 255 255
250 249 249
255 255 255
180 181 181
9 23 25
0 19 20
0 0 0
0 0 0
0 0 0
0 0 0
0 0 0
0 0 0
0 0 0
0 0 0
0 0 0
0 0 0
0 0 0
0 0 0
0 0 0
0 0 0
0 0 0
0 0 0
0 0 0
0 0 0
0 0 0
0 0 0
0 24 31
53 89 95
255 255 255
255 255 255
251 251 251
255 255 255
255 255 255
212 211 212
238 240 242
114 111 114
9 30 29
0 22 24
0 0 0
0 0 0
0 0 0
0 0 0
0 0 0
0 0 0
0 0 0
0 0 0
0 0 0
0 0 0
0 0 0
0 0 0
0 0 0
0 0 0
0 0 0
0 0 0
0 0 0
0 0 0
0 0 0
4 12 12
0 29 34
158 168 170
255 255 255
248 248 248
244 244 244
255 255 255
212 212 212
156 157 159
207 212 214
94 97 99
57 56 58
0 4 7
7 34 37
10 36 38
4 10 10
0 0 0
0 0 0
0 0 0
0 0 0
0 0 0
0 0 0
0 0 0
0 0 0
0 0 0
0 0 0
0 0 0
0 0 0
0 0 0
0 0 0
0 0 0
0 0 0
0 0 0
29 47 50
246 242 242
255 255 255
213 214 214
219 219 219
255 255 255
160 161 162
143 146 149
178 183 187
63 66 67
121 123 124
9 10 11
0 0 1
10 41 43
5 22 23
0 0 0
0 0 0
0 0 0
0 0 0
0 0 0
0 0 0
0 0 0
0 0 0
0 0 0
0 0 0
0 0 0
0 0 0
0 0 0
0 0 0
0 0 0
0 0 0
0 0 0
97 117 119
255 255 255
255 255 255
170 172 172
227 227 226
253 254 255
112 115 116
163 167 169
163 169 174
5 5 6
159 168 171
169 176 178
0 0 0
0 28 31
1 5 5
0 0 0
0 0 0
0 0 0
0 0 0
0 0 0
0 0 0
0 0 0
0 0 0
0 0 0
0 0 0
0 0 0
0 0 0
0 0 0
0 0 0
0 0 0
0 0 0
0 29 32
104 115 115
244 240 240
239 240 241
142 144 145
255 255 255
185 189 190
77 80 83
178 184 185
178 187 190
21 22 23
46 47 49
79 76 76
0 9 10
3 24 26
0 0 0
0 0 0
0 0 0
0 0 0
0 0 0
0 0 0
0 0 0
0 0 0
0 0 0
0 0 0
0 0 0
0 0 0
0 0 0
0 0 0
0 0 0
0 0 0
0 9 10
0 17 20
60 57 57
255 255 255
184 186 188
139 142 143
255 255 255
129 136 138
57 61 62
174 181 184
194 204 207
85 89 91
0 0 0
0 4 5
11 51 54
3 10 10
0 0 0
0 0 0
0 0 0
0 0 0
0 0 0
0 0 0
0 0 0
0 0 0
0 0 0
0 0 0
0 0 0
0 0 0
0 0 0
0 0 0
0 0 0
0 0 0
4 25 29
0 14 20
102 105 106
255 255 255
130 134 135
137 140 141
248 253 255
99 107 109
46 48 49
170 179 182
175 183 186
183 188 192
54 54 55
0 0 0
7 39 42
2 5 5
0 0 0
0 0 0
0 0 0
0 0 0
0 0 0
0 0 0
0 0 0
0 0 0
0 0 0
0 0 0
0 0 0
0 0 0
0 0 0
0 0 0
0 0 0
0 0 0
7 54 60
0 38 45
152 152 152
255 255 255
101 105 108
131 134 135
239 245 247
108 116 117
32 31 32
164 172 175
177 186 189
212 220 225
74 70 70
0 1 2
6 30 32
0 0 0
0 0 0
0 0 0
0 0 0
0 0 0
0 0 0
0 0 0
0 0 0
0 0 0
0 0 0
0 0 0
0 0 0
0 0 0
0 0 0
0 0 0
0 0 0
2 4 4
0 32 34
0 23 25
181 178 178
248 252 253
85 88 92
119 123 124
228 233 235
131 139 141
4 3 3
160 167 170
219 229 234
69 64 64
0 0 0
7 45 48
1 1 1
0 0 0
0 0 0
0 0 0
0 0 0
0 0 0
0 0 0
0 0 0
0 0 0
0 0 0
0 0 0
0 0 0
0 0 0
0 0 0
0 0 0
0 0 0
0 0 0
0 0 0
0 6 7
26 46 50
199 195 196
216 221 225
70 72 75
102 107 109
202 208 212
182 188 194
14 15 17
74 77 80
89 85 86
0 0 0
4 45 50
3 15 15
0 0 0
0 0 0
0 0 0
0 0 0
0 0 0
0 0 0
0 0 0
0 0 0
0 0 0
0 0 0
0 0 0
0 0 0
0 0 0
0 0 0
0 0 0
0 0 0
0 0 0
0 0 0
0 8 11
51 68 71
201 201 204
206 216 220
63 66 67
91 94 97
224 233 238
153 155 160
3 1 1
0 0 0
0 5 5
5 52 57
4 21 23
0 0 0
0 0 0
0 0 0
0 0 0
0 0 0
0 0 0
0 0 0
0 0 0
0 0 0
0 0 0
0 0 0
0 0 0
0 0 0
0 0 0
0 0 0
0 0 0
0 0 0
0 0 0
2 6 6
0 12 15
79 87 89
237 245 250
147 153 156
0 0 0
130 137 140
163 164 166
6 5 6
0 1 3
2 22 24
7 60 66
2 17 19
0 0 0
0 0 0
0 0 0
0 0 0
0 0 0
0 0 0
0 0 0
0 0 0
0 0 0
0 0 0
0 0 0
0 0 0
0 0 0
0 0 0
0 0 0
0 0 0
0 0 0
0 0 0
0 0 0
4 24 26
0 23 27
84 82 83
125 123 127
2 0 0
0 0 0
41 34 35
15 5 5
0 19 21
12 77 85
7 66 72
3 14 14
0 0 0
0 0 0
0 0 0
0 0 0
0 0 0
0 0 0
0 0 0
0 0 0
0 0 0
0 0 0
0 0 0
0 0 0
0 0 0
0 0 0
0 0 0
0 0 0
0 0 0
0 0 0
0 0 0
0 0 0
7 39 43
5 40 44
2 0 0
0 0 0
3 34 40
5 18 20
0 0 0
2 38 43
3 16 17
3 15 15
2 11 12
0 0 0
0 0 0
0 0 0
0 0 0
0 0 0
0 0 0
0 0 0
0 0 0
0 0 0
0 0 0
0 0 0
0 0 0
0 0 0
0 0 0
0 0 0
0 0 0
0 0 0
0 0 0
0 0 0
0 0 0
0 0 0
6 44 48
5 46 53
2 28 31
2 27 28
9 48 52
7 59 65
7 42 46
3 12 13
0 0 0
0 0 0
0 0 0
0 0 0
0 0 0
0 0 0
0 0 0
0 0 0
0 0 0
0 0 0
0 0 0
0 0 0
0 0 0
0 0 0
0 0 0
0 0 0
0 0 0
0 0 0
0 0 0
0 0 0
0 0 0
0 0 0
0 0 0
1 0 0
9 65 71
8 68 75
3 23 25
0 0 0
8 34 36
7 51 54
0 0 0
0 0 0
0 0 0
0 0 0
0 0 0
0 0 0
0 0 0
0 0 0
0 0 0
0 0 0
0 0 0
0 0 0
0 0 0
0 0 0
0 0 0
0 0 0
0 0 0
0 0 0
0 0 0
0 0 0
0 0 0
0 0 0
0 0 0
0 0 0
0 0 0
1 3 3
5 17 18
2 3 3
0 0 0
0 0 0
2 2 1
1 1 0
0 0 0
0 0 0
0 0 0
0 0 0
0 0 0
0 0 0
0 0 0
0 0 0
0 0 0
0 0 0
0 0 0
0 0 0
0 0 0
0 0 0
0 0 0
0 0 0
0 0 0
0 0 0
0 0 0
0 0 0
2 2 2
2 2 2
2 2 2
2 2 2
2 2 2
2 2 2
0 0 0
1 0 0
2 2 2
2 2 2
1 1 1
1 1 1
2 2 2
2 2 2
2 2 2
2 2 2
2 2 2
2 2 2
2 2 2
2 2 2
2 2 2
2 2 2
2 2 2
2 2 2
2 2 2
2 2 2
2 2 2
2 2 2
2 2 2
2 2 2
2 2 2
2 2 2
